1	6
1	30
1	601
1	694
1	761
2	574
2	815
2	819
2	834
2	845
2	969
3	401
3	464
3	555
3	569
3	822
3	886
4	260
4	345
4	387
4	836
4	841
4	995
5	57
5	132
5	366
5	424
5	964
5	992
6	19
6	30
6	222
6	761
6	828
7	117
7	155
7	579
7	695
7	849
7	973
8	580
8	679
8	711
8	714
8	729
8	985
9	213
9	297
9	476
9	851
9	975
10	47
10	393
10	477
10	742
10	829
10	990
11	14
11	257
11	414
11	597
11	974
11	977
12	72
12	137
12	589
12	701
12	892
12	893
13	108
13	351
13	516
13	764
13	787
13	973
14	98
14	331
14	439
14	650
14	979
15	217
15	376
15	524
15	548
15	882
15	955
16	88
16	199
16	471
16	744
16	788
16	977
17	123
17	136
17	159
17	460
17	922
17	926
18	386
18	409
18	474
18	568
18	753
18	821
19	30
19	180
19	222
19	325
19	761
20	21
20	274
20	322
20	428
20	531
20	921
21	385
21	585
21	660
21	855
21	996
22	147
22	174
22	521
22	590
22	809
22	914
23	199
23	228
23	326
23	401
23	822
23	908
24	378
24	524
24	548
24	676
24	955
24	1000
25	119
25	202
25	434
25	509
25	990
26	181
26	284
26	330
26	332
26	514
26	857
27	247
27	354
27	512
27	643
27	930
27	976
28	352
28	581
28	801
28	897
28	919
28	967
29	239
29	515
29	652
29	725
29	771
29	841
30	179
30	222
30	761
31	399
31	518
31	587
31	932
31	947
31	977
32	354
32	662
32	861
32	956
32	957
32	987
33	578
33	586
33	748
33	875
33	922
33	963
34	205
34	477
34	501
34	525
34	691
34	937
35	393
35	456
35	622
35	691
35	794
35	829
36	271
36	361
36	380
36	778
36	798
36	855
37	108
37	325
37	386
37	805
37	821
37	883
38	726
38	817
38	822
38	858
38	890
38	930
39	75
39	608
39	814
39	936
39	969
39	1000
40	259
40	335
40	612
40	661
40	681
40	874
41	482
41	781
41	887
41	931
42	300
42	372
42	396
42	446
42	631
42	980
43	215
43	250
43	395
43	752
43	802
43	860
44	682
44	722
44	737
44	766
44	883
44	935
45	182
45	195
45	324
45	336
45	885
45	896
46	179
46	251
46	352
46	483
46	542
46	558
47	190
47	288
47	490
47	506
47	719
48	452
48	568
48	763
48	823
48	982
48	999
49	94
49	377
49	392
49	781
49	991
49	992
50	404
50	717
50	752
50	848
50	972
50	997
51	361
51	679
51	711
51	729
51	827
51	985
52	72
52	558
52	834
52	955
52	982
52	999
53	721
53	734
53	741
53	846
53	911
53	925
54	142
54	356
54	839
54	863
54	922
54	950
55	600
55	606
55	750
55	909
55	993
55	998
56	175
56	208
56	447
56	926
56	989
56	998
57	128
57	237
57	283
57	638
57	990
58	657
58	858
58	890
58	976
58	981
58	988
59	102
59	245
59	258
59	849
59	872
60	214
60	223
60	225
60	829
61	267
61	429
61	489
61	527
61	753
61	937
62	131
62	302
62	661
62	705
62	812
62	983
63	496
63	607
63	646
63	730
63	803
64	216
64	755
64	868
64	940
64	945
64	948
65	466
65	472
65	776
65	851
65	866
65	881
66	178
66	570
66	823
66	856
66	907
66	946
67	190
67	347
67	490
67	719
67	936
67	972
68	298
68	708
68	760
68	961
68	980
68	997
69	120
69	301
69	341
69	526
69	595
69	652
70	78
70	455
70	787
70	849
70	991
70	992
71	246
71	390
71	450
71	618
71	951
71	954
72	137
72	269
72	892
72	893
73	234
73	658
73	788
73	881
73	946
73	978
74	107
74	363
74	370
74	673
74	744
74	900
75	204
75	261
75	571
76	103
76	269
76	696
76	799
76	803
76	854
77	481
77	660
77	867
77	869
77	872
77	988
78	168
78	455
78	551
78	800
78	849
79	315
79	459
79	530
79	651
79	708
79	760
80	209
80	322
80	384
80	721
80	846
80	911
81	389
81	488
81	620
81	623
81	721
81	896
82	85
82	287
82	714
82	717
82	864
82	959
83	117
83	155
83	196
83	738
83	793
83	970
84	407
84	542
84	630
84	665
84	825
84	927
85	96
85	239
85	745
85	841
85	906
86	574
86	655
86	707
86	720
86	913
86	928
87	116
87	211
87	277
87	313
87	592
87	651
88	199
88	248
88	546
88	788
88	977
89	381
89	777
89	818
89	838
89	842
89	921
90	160
90	320
90	549
90	690
90	736
90	1000
91	365
91	415
91	681
91	692
91	799
91	908
92	141
92	150
92	346
92	374
92	835
93	138
93	329
93	609
93	613
93	619
93	774
94	377
94	516
94	781
94	991
94	992
95	321
95	381
95	694
95	806
95	818
95	838
96	156
96	287
96	645
96	757
96	959
97	135
97	355
97	476
97	647
97	673
97	900
98	163
98	220
98	331
98	699
98	979
99	304
99	305
99	382
99	552
99	736
99	758
100	356
100	370
100	543
100	585
100	900
100	996
101	506
101	532
101	538
101	798
101	936
101	965
102	245
102	455
102	551
102	834
102	849
103	472
103	612
103	834
103	854
103	943
104	286
104	524
104	740
104	834
104	894
104	955
105	190
105	293
105	726
105	844
105	895
105	921
106	481
106	663
106	867
106	934
106	942
106	954
107	467
107	900
107	904
107	972
107	985
108	271
108	409
108	821
108	883
109	462
109	570
109	720
109	856
109	949
110	404
110	483
110	558
110	828
110	888
110	970
111	231
111	391
111	638
111	752
111	759
111	972
112	248
112	314
112	733
113	583
113	621
113	857
113	879
113	885
113	920
114	513
114	635
114	727
114	789
114	865
114	996
115	474
115	600
115	694
115	777
115	838
115	975
116	211
116	249
116	277
116	393
116	602
117	155
117	695
117	738
117	739
118	218
118	320
118	690
118	736
118	880
118	1000
119	202
119	434
119	509
119	871
120	279
120	368
120	460
120	526
120	595
121	577
121	611
121	616
121	891
121	917
121	992
122	486
122	559
122	684
122	715
122	951
122	993
123	136
123	159
123	388
123	922
123	944
124	187
124	611
124	868
124	940
124	945
124	948
125	319
125	457
125	554
125	589
125	747
125	762
126	618
126	624
126	663
126	927
126	951
126	954
127	770
127	851
127	853
127	854
127	912
127	994
128	237
128	424
128	751
128	776
128	990
130	262
130	316
130	422
130	666
130	712
130	949
131	418
131	557
131	565
131	705
131	983
132	424
132	452
132	893
132	990
132	992
133	338
133	533
133	659
133	816
133	848
133	884
134	308
134	495
134	724
134	766
134	826
134	923
135	543
135	673
135	882
135	900
135	925
136	159
136	752
136	922
137	399
137	701
137	892
137	893
138	329
138	619
138	774
138	807
138	829
139	762
139	833
139	956
139	957
139	985
139	987
140	166
140	435
140	487
140	499
140	802
140	806
141	150
141	346
141	413
142	837
142	839
142	893
142	894
142	950
143	229
143	779
143	831
143	857
143	901
143	971
144	658
144	890
144	951
144	964
144	978
144	981
145	412
145	462
145	732
145	909
145	942
145	952
146	244
146	384
146	448
146	902
146	968
146	998
147	174
147	521
147	642
147	675
147	809
148	274
148	322
148	428
148	531
148	921
148	952
149	153
149	315
149	530
149	708
149	760
149	965
150	163
150	346
150	374
151	553
151	621
151	630
151	682
151	738
151	935
152	289
152	314
152	780
152	822
152	866
152	986
153	530
153	631
153	644
153	708
153	760
154	179
154	251
154	292
154	404
154	483
154	787
155	695
155	738
155	758
156	576
156	714
156	757
156	928
156	959
157	462
157	732
157	835
157	942
157	952
157	997
158	216
158	419
158	566
158	753
158	837
158	987
159	388
159	822
159	922
160	320
160	685
160	690
160	736
160	1000
161	480
161	607
161	659
161	773
161	884
161	891
162	272
162	568
162	674
162	690
162	846
162	959
163	218
163	331
163	974
163	979
164	537
164	868
164	929
164	940
164	945
164	948
165	260
165	288
165	345
165	387
165	841
166	203
166	487
166	582
166	806
166	810
167	634
167	645
167	677
167	843
167	924
167	967
168	176
168	705
168	794
168	906
169	206
169	454
169	556
169	765
169	983
170	262
170	267
170	419
170	596
170	837
170	878
171	504
171	795
171	862
171	884
171	891
171	943
172	193
172	215
172	250
172	599
172	666
172	860
173	271
173	380
173	484
173	767
173	778
173	855
174	316
174	521
174	590
174	809
175	331
175	727
175	941
175	962
175	979
176	628
176	794
176	906
177	479
177	508
177	903
177	967
177	988
177	994
178	570
178	856
178	907
178	945
178	946
179	542
179	876
179	972
180	406
180	445
180	761
180	772
180	833
181	262
181	284
181	330
181	473
181	957
182	187
182	195
182	324
182	896
182	981
183	287
183	421
183	778
183	867
183	880
184	510
184	581
184	594
184	881
184	897
184	919
185	242
185	426
185	491
185	586
185	623
185	896
186	268
186	494
186	615
186	664
186	714
186	792
187	195
187	324
187	546
187	896
188	195
188	367
188	762
188	917
188	933
188	937
189	299
189	319
189	357
189	377
189	551
189	603
190	347
190	676
190	719
191	308
191	431
191	456
191	484
191	549
192	480
192	659
192	879
192	885
192	920
192	999
193	802
193	925
193	935
193	976
193	981
194	433
194	568
194	615
194	617
194	655
194	907
195	324
195	896
196	657
196	793
196	842
196	953
196	961
197	505
197	692
197	696
197	856
197	908
197	955
198	278
198	756
198	763
198	814
198	816
198	969
199	471
199	546
199	977
200	335
200	813
200	840
200	873
200	935
200	943
201	485
201	663
201	690
201	736
201	923
201	1000
202	434
202	505
202	509
202	950
203	435
203	500
203	517
203	612
203	802
204	205
204	261
204	571
204	836
205	644
205	872
205	933
205	937
206	265
206	418
206	512
206	605
206	725
206	746
207	215
207	250
207	395
207	636
207	768
207	860
208	447
208	486
208	811
208	926
208	989
208	998
209	300
209	396
209	609
209	631
209	716
209	959
210	243
210	272
210	539
210	559
210	617
210	788
210	948
211	249
211	277
211	313
211	410
211	765
212	234
212	466
212	604
212	750
212	866
212	881
212	946
213	297
213	476
213	490
213	894
213	975
214	225
214	410
214	829
215	250
215	395
215	440
215	860
216	267
216	394
216	411
216	832
216	837
217	438
217	514
217	524
217	548
217	825
217	955
218	580
218	590
218	678
218	809
218	979
219	302
219	353
219	552
219	758
219	793
219	927
220	401
220	464
220	751
220	822
220	890
220	925
221	250
221	395
221	860
221	879
221	897
221	904
221	919
222	356
222	517
222	632
222	761
223	590
223	594
223	678
223	754
223	809
223	919
224	323
224	383
224	402
224	730
224	940
224	986
225	447
225	829
226	504
226	536
226	539
226	776
226	795
226	840
226	862
227	316
227	544
227	599
227	720
227	806
227	933
227	949
228	493
228	634
228	692
228	799
228	812
228	908
229	462
229	656
229	732
229	835
229	942
229	952
230	232
230	391
230	454
230	556
230	602
230	765
230	983
231	558
231	618
231	639
231	863
231	922
231	950
232	300
232	310
232	556
232	765
232	889
232	983
233	478
233	677
233	719
233	774
233	820
233	828
233	850
234	604
234	613
234	683
234	866
234	946
235	397
235	636
235	662
235	861
235	956
235	957
235	987
236	364
236	636
236	715
236	861
236	956
236	957
236	987
237	716
237	775
237	865
237	972
237	990
238	309
238	453
238	692
238	696
238	715
238	824
238	908
239	562
239	699
239	771
239	841
239	947
240	317
240	389
240	426
240	560
240	566
240	620
240	626
241	253
241	437
241	556
241	660
241	789
241	865
241	996
242	389
242	620
242	623
242	626
242	896
242	973
243	289
243	342
243	415
243	436
243	536
243	674
244	252
244	448
244	497
244	799
244	807
244	968
245	258
245	408
245	420
245	424
245	849
246	418
246	450
246	624
246	658
246	779
246	791
247	512
247	605
247	655
247	832
247	891
247	960
248	733
248	959
249	277
249	293
249	313
249	410
249	602
250	395
250	860
251	404
251	483
251	528
251	558
251	825
252	264
252	321
252	777
252	818
252	838
252	975
253	527
253	593
253	635
253	855
253	865
253	996
254	276
254	482
254	614
254	629
254	678
254	793
254	954
255	408
255	563
255	767
255	847
255	905
255	914
255	980
256	541
256	575
256	643
256	687
256	718
256	864
256	924
257	273
257	414
257	749
257	873
257	974
257	977
258	284
258	420
258	455
258	849
258	901
259	468
259	500
259	747
259	818
259	934
259	950
260	345
260	387
260	779
260	841
261	571
261	903
262	284
262	470
262	473
262	753
263	443
263	520
263	706
263	877
263	903
263	937
263	967
264	351
264	516
264	764
264	787
264	913
264	973
265	313
265	512
265	605
265	746
265	832
265	891
266	319
266	398
266	497
266	554
266	589
266	755
266	915
267	399
267	566
267	596
267	832
268	364
268	494
268	550
268	615
268	792
268	950
269	285
269	326
269	618
269	799
269	908
270	482
270	612
270	614
270	629
270	793
270	816
270	909
271	361
271	364
271	599
271	778
272	559
272	568
272	617
272	907
272	919
273	414
273	749
273	860
273	883
273	974
273	977
274	322
274	428
274	531
274	792
274	921
275	817
275	820
275	888
275	905
275	910
275	944
275	946
276	482
276	614
276	629
276	699
276	728
276	793
277	410
277	592
277	962
278	536
278	686
278	754
278	936
278	938
278	969
279	343
279	627
279	680
279	808
279	868
279	886
280	379
280	593
280	774
280	813
280	873
280	938
280	943
281	290
281	359
281	473
281	476
281	598
281	830
281	881
282	581
282	669
282	712
282	776
282	782
282	853
282	949
283	298
283	596
283	775
283	786
283	953
283	992
284	330
284	332
284	934
285	344
285	349
285	493
285	692
285	799
285	900
286	357
286	648
286	813
286	873
286	938
286	943
287	307
287	714
287	757
287	812
288	561
288	681
288	719
288	798
288	936
289	423
289	427
289	536
289	674
289	920
290	598
290	707
290	746
290	830
290	971
290	984
291	426
291	520
291	545
291	745
291	817
291	836
291	927
292	416
292	567
292	611
292	616
292	804
292	917
293	545
293	726
293	745
293	836
293	852
294	390
294	535
294	539
294	651
294	674
294	840
294	921
295	452
295	488
295	492
295	702
295	898
295	968
295	995
296	343
296	440
296	786
296	842
296	961
296	966
296	980
297	476
297	785
297	975
298	744
298	842
298	884
298	953
298	966
299	579
299	664
299	770
299	851
299	853
299	912
300	372
300	446
300	601
300	825
301	403
301	460
301	498
301	526
301	595
301	836
302	353
302	382
302	552
302	758
302	867
303	582
303	598
303	682
303	741
303	746
303	881
303	971
304	305
304	353
304	382
304	552
304	573
304	758
305	353
305	382
305	750
305	758
305	830
306	453
306	457
306	715
306	843
306	924
306	953
306	996
307	576
307	717
307	743
307	812
307	864
307	959
308	431
308	484
308	539
308	549
309	356
309	457
309	559
309	684
309	715
309	772
310	454
310	522
310	765
310	835
310	889
310	983
311	363
311	640
311	707
311	740
311	894
311	912
311	988
312	622
312	762
312	772
312	833
312	947
312	979
312	999
313	592
313	602
313	810
314	375
314	495
314	780
314	946
314	958
315	530
315	631
315	708
315	760
315	925
316	461
316	709
316	712
316	949
317	319
317	519
317	623
317	626
317	782
317	977
318	400
318	580
318	679
318	711
318	729
318	827
318	985
319	554
319	589
319	915
320	690
320	736
320	921
320	1000
321	672
321	694
321	777
321	818
321	975
322	428
322	531
322	921
323	683
323	703
323	783
323	789
323	865
323	996
324	336
324	896
324	929
325	409
325	831
325	956
325	957
325	987
326	450
326	493
326	799
326	908
326	980
327	330
327	495
327	652
327	742
327	780
327	866
327	946
328	368
328	676
328	770
328	786
328	851
328	912
328	924
329	583
329	619
329	639
329	774
330	332
330	473
330	514
331	439
331	979
331	997
332	358
332	431
332	484
332	549
333	436
333	479
333	796
333	875
333	909
333	944
333	993
334	370
334	449
334	546
334	892
334	893
334	983
335	338
335	500
335	612
335	800
335	805
336	862
336	896
336	940
336	945
336	948
337	717
337	757
337	892
337	956
337	957
337	959
337	987
338	480
338	492
338	533
338	659
338	816
339	441
339	491
339	578
339	634
339	677
339	683
339	843
340	606
340	690
340	736
340	764
340	787
340	809
340	973
341	368
341	460
341	498
341	526
341	595
341	1000
342	427
342	436
342	535
342	536
342	674
342	892
343	439
343	467
343	515
343	579
343	973
344	681
344	696
344	799
344	856
344	902
344	908
345	387
345	841
345	982
346	374
346	653
346	901
347	506
347	689
347	691
347	798
347	889
348	455
348	763
348	767
348	918
348	982
348	994
348	999
349	561
349	565
349	814
349	938
349	939
349	969
350	475
350	608
350	642
350	874
350	923
350	933
350	965
351	516
351	572
351	764
351	787
351	973
352	510
352	581
352	594
352	897
352	919
353	552
353	758
353	838
354	844
354	895
354	921
355	370
355	647
355	744
355	753
355	768
355	882
355	900
356	445
356	715
356	761
356	832
357	551
357	603
357	678
358	394
358	472
358	612
358	681
358	800
358	854
358	934
359	564
359	582
359	598
359	698
359	746
359	830
359	984
360	600
360	672
360	785
360	818
360	852
360	905
360	910
360	993
361	364
361	380
361	767
361	778
361	855
362	459
362	538
362	785
362	798
362	886
362	936
362	964
362	978
363	640
363	740
363	747
363	894
363	915
363	988
364	433
364	494
364	714
364	778
365	394
365	472
365	485
365	733
365	800
365	854
365	973
366	477
366	679
366	751
366	765
366	819
366	882
366	990
367	442
367	650
367	815
367	893
367	913
367	933
367	961
368	460
368	498
368	526
368	595
368	999
369	422
369	544
369	666
369	669
369	709
369	712
369	936
369	949
370	647
370	673
370	744
370	824
371	654
371	868
371	940
371	945
371	956
371	957
371	977
371	987
372	396
372	446
372	570
372	581
372	907
372	946
373	463
373	560
373	820
373	828
373	850
373	942
373	944
373	951
374	413
374	575
374	828
374	850
374	888
375	613
375	702
375	758
375	879
375	898
375	946
375	995
376	378
376	835
376	947
376	948
376	955
376	982
376	999
377	441
377	449
377	781
377	991
377	992
378	514
378	524
378	676
378	790
378	906
378	955
379	380
379	791
379	813
379	840
379	873
379	938
379	943
380	767
380	778
380	855
380	952
381	499
381	694
381	711
381	777
381	818
381	838
382	383
382	552
382	665
382	758
383	402
383	730
383	794
383	986
384	609
384	648
384	721
384	734
384	846
384	925
385	390
385	585
385	593
385	635
385	700
385	789
385	878
386	409
386	511
386	808
386	821
386	831
386	883
387	841
387	858
388	713
388	735
388	850
388	922
388	970
388	978
389	491
389	620
389	623
389	887
389	896
390	535
390	536
390	539
390	674
390	840
391	765
391	839
391	852
391	889
391	950
391	981
392	597
392	607
392	964
392	965
392	978
392	991
392	992
393	456
393	562
393	691
393	794
393	829
394	500
394	612
394	805
394	854
394	934
395	409
395	860
395	920
396	446
396	498
396	521
396	601
396	631
397	442
397	777
397	815
397	819
397	845
397	859
397	913
398	510
398	554
398	589
398	723
398	733
398	755
398	915
399	537
399	587
399	625
399	932
399	947
400	706
400	716
400	877
400	903
400	937
400	954
400	967
401	464
401	793
401	822
401	841
402	730
402	931
402	986
403	479
403	563
403	601
403	668
403	905
403	914
403	933
404	483
404	542
404	558
404	825
405	452
405	469
405	641
405	685
405	687
405	718
405	763
405	864
406	665
406	767
406	769
406	870
406	871
406	928
406	966
407	444
407	616
407	769
407	927
408	668
408	672
408	767
408	905
408	910
408	914
409	526
409	831
409	883
410	634
410	740
410	894
410	915
411	566
411	652
411	679
411	711
411	784
411	837
411	985
412	654
412	700
412	728
412	801
412	887
412	916
412	958
413	514
413	703
413	713
413	828
413	888
413	970
414	736
414	749
414	974
414	977
415	522
415	722
415	725
415	737
415	891
415	935
416	577
416	611
416	616
416	804
416	825
416	859
416	866
417	767
417	868
417	929
417	937
417	940
417	945
417	948
417	970
418	557
418	661
418	705
418	723
418	783
419	429
419	566
419	753
419	832
419	878
419	991
420	534
420	604
420	629
420	797
420	849
420	968
421	588
421	679
421	784
421	867
421	869
421	880
421	896
422	572
422	599
422	666
422	709
422	712
422	949
423	427
423	535
423	715
423	801
423	897
423	919
423	933
424	716
424	882
424	990
424	992
425	592
425	595
425	698
425	727
425	741
425	830
425	941
425	986
426	429
426	620
426	623
426	626
426	896
427	436
427	539
427	651
427	674
427	972
428	531
428	875
428	921
429	474
429	488
429	566
429	596
429	837
430	553
430	621
430	630
430	682
430	737
430	899
430	930
430	935
431	484
431	549
431	962
432	504
432	637
432	725
432	780
432	795
432	862
432	880
432	958
433	534
433	559
433	568
433	615
433	617
433	907
434	505
434	509
434	635
434	913
435	487
435	582
435	684
435	712
435	806
435	810
436	651
436	663
436	674
436	840
437	488
437	702
437	781
437	789
437	898
437	995
437	996
438	488
438	607
438	646
438	702
438	803
438	898
438	995
439	839
439	863
439	928
439	950
439	979
440	743
440	953
440	961
440	966
440	972
440	980
441	478
441	494
441	578
441	634
441	677
441	843
442	573
442	655
442	764
442	815
442	834
442	845
443	706
443	778
443	877
443	903
443	937
443	954
443	967
444	554
444	577
444	594
444	897
444	919
444	927
445	596
445	761
445	796
445	797
445	875
445	909
446	498
446	601
446	631
446	974
447	639
447	811
447	926
447	989
447	998
448	497
448	534
448	797
448	807
448	902
448	968
448	973
449	471
449	519
449	565
449	687
449	991
449	992
450	617
450	626
450	663
450	791
450	954
451	545
451	726
451	728
451	745
451	817
451	836
451	927
451	929
452	617
452	702
452	907
452	995
453	684
453	699
453	715
453	731
453	826
453	923
454	556
454	765
454	816
454	889
454	983
455	551
455	669
455	849
456	523
456	562
456	691
456	794
456	829
457	482
457	629
457	715
457	793
457	906
458	557
458	600
458	606
458	823
458	824
458	852
458	955
458	993
459	748
459	750
459	875
459	909
459	944
459	963
460	526
460	595
460	968
461	610
461	755
461	790
461	848
461	876
461	904
461	972
462	732
462	835
462	942
462	952
463	560
463	735
463	781
463	888
463	905
463	914
463	980
464	543
464	547
464	822
465	510
465	548
465	640
465	707
465	740
465	889
465	894
465	988
466	604
466	613
466	626
466	742
466	780
466	995
467	555
467	627
467	775
467	808
467	886
467	941
468	638
468	747
468	863
468	881
468	893
468	922
468	950
469	529
469	614
469	629
469	685
469	687
469	864
469	898
470	527
470	566
470	591
470	599
470	964
470	965
470	978
471	546
471	689
471	788
471	977
471	987
472	612
472	800
472	805
472	854
472	934
473	514
473	774
473	813
473	873
473	943
474	677
474	753
474	940
474	945
474	948
474	970
475	496
475	563
475	584
475	637
475	905
475	910
475	914
475	980
476	756
476	975
477	637
477	775
477	795
477	861
477	862
477	990
478	480
478	491
478	542
478	634
478	677
478	786
478	843
479	542
479	875
479	882
479	944
479	990
479	992
480	533
480	593
480	659
480	816
480	891
481	588
481	820
481	867
481	869
481	895
481	934
481	989
482	614
482	629
482	793
482	908
483	542
483	558
483	639
483	924
484	549
484	949
485	515
485	555
485	627
485	680
485	808
485	884
485	886
486	586
486	748
486	750
486	796
486	875
486	909
486	976
487	517
487	522
487	582
487	747
487	806
487	830
488	492
488	702
488	898
488	995
489	527
489	623
489	752
489	753
489	790
489	811
489	904
489	972
490	506
490	561
490	691
490	719
490	798
490	892
491	582
491	620
491	719
491	843
491	896
492	693
492	702
492	730
492	839
492	893
492	950
493	570
493	692
493	696
493	856
493	908
493	929
494	550
494	595
494	615
494	714
494	792
495	652
495	742
495	780
495	788
495	866
495	881
496	563
496	607
496	646
496	759
496	803
496	837
497	660
497	797
497	807
497	902
497	968
498	500
498	526
498	601
498	846
499	571
499	694
499	717
499	777
499	818
499	838
499	975
500	800
500	805
500	854
500	934
501	525
501	564
501	639
501	650
501	917
501	933
501	937
501	996
502	529
502	575
502	641
502	685
502	718
502	725
502	898
502	916
502	924
503	752
503	755
503	790
503	835
503	848
503	876
503	904
503	972
503	997
504	637
504	795
504	862
504	880
504	939
504	958
505	509
505	640
505	768
505	827
505	889
505	894
506	538
506	676
506	798
506	905
506	936
507	618
507	624
507	626
507	658
507	663
507	813
507	927
507	951
507	954
508	543
508	749
508	763
508	847
508	918
508	960
508	988
508	999
509	924
510	589
510	897
510	915
510	919
510	992
511	637
511	795
511	847
511	862
511	960
511	984
511	994
511	999
512	605
512	631
512	746
512	832
512	891
513	585
513	593
513	635
513	803
513	865
513	878
513	973
513	996
514	533
514	548
514	955
515	579
515	627
515	649
515	680
515	754
515	808
516	574
516	764
516	787
516	973
517	633
517	660
517	684
517	747
517	805
517	806
518	587
518	625
518	632
518	710
518	788
518	932
518	947
518	974
519	546
519	562
519	578
519	677
519	843
519	918
519	924
520	552
520	726
520	745
520	817
520	836
520	852
520	918
521	590
521	642
521	678
521	732
521	809
522	605
522	690
522	725
522	736
522	832
522	1000
523	664
523	770
523	776
523	782
523	851
523	853
523	912
523	994
524	548
524	792
524	912
524	955
525	564
525	639
525	650
525	917
525	933
525	937
525	988
526	595
527	566
527	596
527	709
527	753
527	832
528	729
528	827
528	828
528	850
528	888
528	951
528	976
528	985
529	541
529	685
529	687
529	704
529	707
529	864
529	924
530	531
530	648
530	651
530	708
530	760
531	532
531	921
532	676
532	691
532	719
532	834
532	877
532	903
532	967
533	659
533	816
533	884
533	891
533	926
534	807
534	823
534	849
534	902
534	960
534	968
535	536
535	539
535	579
535	680
535	840
536	674
536	757
537	587
537	632
537	710
537	904
537	932
537	947
538	713
538	798
538	829
538	905
538	914
538	980
539	541
539	651
540	583
540	647
540	673
540	687
540	738
540	776
540	782
540	853
540	900
541	575
541	641
541	687
541	688
541	718
541	864
542	558
542	825
543	647
543	744
543	768
543	882
543	900
544	599
544	656
544	666
544	709
544	712
544	910
544	949
545	745
545	817
545	827
545	836
545	918
545	927
546	595
546	788
546	977
547	654
547	658
547	664
547	728
547	770
547	782
547	851
547	887
548	671
548	955
548	980
549	939
550	769
550	792
550	801
550	870
550	871
550	928
550	992
551	603
551	661
551	849
551	986
552	758
552	855
553	554
553	621
553	682
553	722
553	899
553	935
553	958
554	589
554	755
554	915
555	627
555	775
555	846
555	886
555	907
555	973
556	765
556	889
556	911
556	983
557	661
557	683
557	705
557	723
557	944
557	983
558	825
559	568
559	684
559	715
559	991
560	713
560	819
560	850
560	944
560	951
560	970
561	719
561	798
561	933
561	939
561	969
561	1000
562	764
562	787
562	794
562	829
562	973
563	672
563	767
563	905
563	910
563	933
564	639
564	650
564	698
564	971
564	984
564	997
565	706
565	816
565	877
565	903
565	938
565	939
565	967
566	832
566	948
567	701
567	727
567	735
567	759
567	866
567	941
567	962
567	984
567	986
568	617
568	838
568	907
569	580
569	606
569	628
569	824
569	827
569	832
569	852
569	985
569	993
570	675
570	856
570	907
570	946
571	924
572	670
572	688
572	779
572	857
572	879
572	885
572	901
572	920
573	574
573	707
573	730
573	815
573	819
573	834
573	845
573	859
574	655
574	815
574	834
574	845
574	859
574	979
575	576
575	641
575	704
575	718
575	725
575	864
576	768
576	861
576	906
576	919
576	956
576	957
576	987
577	611
577	616
577	726
577	804
577	825
577	859
577	917
578	634
578	677
578	786
578	843
578	878
578	924
579	680
579	733
579	775
579	808
579	886
580	679
580	711
580	729
580	827
580	895
580	985
581	644
581	739
581	801
581	897
581	919
582	802
582	830
582	881
582	885
583	670
583	779
583	857
583	879
583	885
583	901
583	920
584	585
584	601
584	657
584	854
584	858
584	910
584	914
584	930
584	976
585	593
585	672
585	789
585	878
585	996
586	616
586	720
586	748
586	750
586	796
586	909
586	944
587	588
587	625
587	632
587	710
587	876
587	932
588	822
588	867
588	869
588	872
588	888
588	934
588	989
589	755
589	915
589	969
590	642
590	678
590	681
590	805
590	809
591	597
591	633
591	646
591	653
591	785
591	794
591	811
591	964
591	978
592	598
592	602
592	603
592	698
592	830
592	989
593	602
593	635
593	789
593	996
594	644
594	739
594	814
594	863
594	897
594	919
596	797
596	902
596	968
596	998
597	653
597	695
597	964
597	965
597	966
597	978
597	981
598	698
598	830
598	886
598	932
598	971
599	709
599	712
599	720
599	949
600	606
600	674
600	823
600	824
600	852
600	993
601	810
601	914
601	980
602	648
602	857
602	865
602	996
603	982
604	658
604	742
604	788
604	866
604	881
604	932
605	642
605	725
605	746
605	891
605	975
606	823
606	824
606	852
606	971
606	993
607	646
607	759
607	803
607	837
608	610
608	675
608	686
608	689
608	756
608	865
608	939
608	969
609	716
609	721
609	734
609	773
609	846
609	959
609	998
610	752
610	790
610	815
610	848
610	876
610	904
610	972
610	997
611	616
611	825
611	859
611	917
611	977
612	800
612	854
613	659
613	742
613	762
613	772
613	833
613	974
614	629
614	678
614	699
614	793
614	971
615	617
615	714
615	760
615	907
615	922
616	804
616	859
616	917
617	620
617	907
618	839
618	863
618	872
618	950
618	951
619	667
619	774
619	789
620	623
620	896
620	969
621	722
621	737
621	812
621	899
621	935
621	995
622	729
622	762
622	772
622	833
622	899
622	931
622	974
622	979
623	896
623	985
624	663
624	744
624	751
624	775
624	809
624	990
624	992
625	632
625	642
625	710
625	734
625	820
625	896
625	932
626	782
626	791
626	954
627	714
627	796
627	808
627	886
627	973
628	647
628	711
628	786
628	827
628	842
628	953
628	961
628	985
629	678
629	699
630	654
630	700
630	728
630	935
630	943
630	958
630	995
631	708
631	760
631	870
632	669
632	710
632	820
632	932
632	963
633	761
633	785
633	805
633	806
633	810
633	861
633	964
633	978
634	645
634	786
634	843
635	831
635	865
635	878
635	996
636	649
636	662
636	789
636	861
636	956
636	957
636	987
637	795
637	862
637	871
637	880
637	958
638	730
638	747
638	863
638	888
638	893
638	922
638	950
639	650
639	926
639	989
639	998
640	643
640	705
640	707
640	740
640	889
640	894
640	988
641	685
641	694
641	718
641	864
641	898
641	924
641	939
642	809
642	868
642	929
642	940
642	948
643	657
643	802
643	858
643	890
643	916
643	930
643	976
643	981
644	650
644	739
644	815
644	897
644	917
644	919
644	937
645	677
645	804
645	843
645	924
645	940
645	945
645	948
645	970
646	759
646	803
646	837
646	982
647	744
647	768
647	804
647	900
647	952
648	660
648	813
648	865
648	873
648	938
648	943
648	996
649	656
649	662
649	715
649	861
649	956
649	957
649	987
650	917
650	933
650	937
650	959
651	663
651	708
651	760
651	871
652	699
652	742
652	771
652	780
652	841
652	866
653	695
653	710
653	773
653	785
653	964
653	965
653	978
653	981
654	700
654	728
654	771
654	852
654	887
654	916
654	958
655	707
655	815
655	834
655	845
655	859
655	913
656	665
656	732
656	769
656	870
656	871
656	928
656	942
656	952
657	741
657	802
657	861
657	890
657	925
657	930
657	976
658	691
658	742
658	780
658	791
658	866
659	662
659	816
659	884
659	891
660	735
660	855
660	867
660	869
660	989
661	683
661	703
661	780
661	783
661	821
661	983
662	671
662	861
662	911
662	956
662	957
662	987
663	939
663	951
663	954
664	770
664	776
664	782
664	825
664	853
664	878
664	912
665	697
665	769
665	870
665	871
665	928
665	966
665	991
666	669
666	695
666	712
666	732
666	932
666	949
667	724
667	730
667	731
667	766
667	791
667	826
667	923
667	952
667	997
668	670
668	877
668	903
668	905
668	910
668	914
668	917
668	967
669	709
669	820
669	870
669	932
669	947
669	949
670	697
670	704
670	857
670	879
670	885
670	901
670	920
670	971
671	676
671	799
671	809
671	834
671	861
671	955
671	956
671	957
671	987
672	693
672	767
672	910
672	914
672	933
672	980
673	739
673	744
673	746
673	768
673	804
673	900
674	840
675	686
675	689
675	754
675	814
675	936
675	939
675	969
675	1000
676	752
676	798
676	834
676	955
677	843
677	873
678	793
678	809
678	875
679	711
679	729
679	827
679	985
680	733
680	775
680	808
680	828
680	886
680	973
681	696
681	799
681	800
681	854
681	908
682	722
682	737
682	749
682	863
682	935
682	995
683	705
683	783
683	812
683	821
683	940
683	983
684	686
684	715
684	749
684	805
684	806
685	687
685	718
685	725
685	764
685	956
686	689
686	816
686	874
686	939
686	965
686	969
686	985
687	718
687	864
687	924
688	704
688	779
688	784
688	831
688	833
688	885
688	901
688	920
688	971
689	756
689	814
689	816
689	874
689	939
689	969
690	736
690	847
690	1000
691	719
691	794
691	848
692	696
692	856
692	908
692	959
692	966
693	703
693	790
693	848
693	876
693	904
693	905
693	910
693	933
693	972
694	717
694	777
694	818
694	838
695	738
695	856
695	964
695	978
695	981
696	750
696	820
696	856
696	908
697	769
697	842
697	870
697	871
697	928
697	953
697	961
697	978
697	980
698	741
698	830
698	881
698	914
698	925
698	971
699	766
699	771
699	793
699	841
700	728
700	771
700	801
700	887
700	916
700	958
700	966
701	727
701	892
701	893
701	923
701	941
701	984
701	986
701	996
702	704
702	898
702	950
702	995
703	783
703	812
703	820
703	828
703	850
703	877
703	944
704	851
704	857
704	864
704	901
704	920
704	924
705	723
705	783
705	821
705	911
706	877
706	903
706	918
706	937
706	954
706	967
706	979
707	815
707	894
707	913
708	760
708	926
708	973
709	711
709	712
709	720
709	949
710	820
710	932
710	942
710	947
710	963
711	729
711	827
711	985
712	727
712	949
713	792
713	820
713	828
713	850
713	869
713	888
713	951
713	970
714	757
714	768
714	792
716	721
716	734
716	751
716	808
716	819
716	959
716	990
717	757
717	777
717	818
717	838
717	900
717	906
718	864
718	898
718	901
718	906
719	852
719	936
720	875
720	895
720	909
720	949
720	963
720	993
721	734
721	773
721	821
721	846
721	911
721	925
722	746
722	749
722	808
722	883
722	899
722	935
722	995
723	729
723	783
723	827
723	845
723	911
723	950
723	985
724	731
724	739
724	766
724	791
724	826
724	883
724	885
724	923
724	952
724	997
725	832
725	864
725	989
726	791
726	817
726	836
726	918
726	929
726	970
727	735
727	759
727	941
727	962
727	984
727	986
728	771
728	801
728	887
728	916
728	958
729	827
729	840
729	985
730	839
730	863
730	986
731	766
731	791
731	826
731	887
731	916
731	923
731	952
731	954
731	997
732	835
732	942
732	952
733	754
733	886
733	946
734	773
734	846
734	911
734	925
734	945
734	959
735	736
735	888
735	941
735	951
735	970
735	984
735	992
736	1000
737	749
737	845
737	883
737	897
737	899
737	935
737	995
738	776
738	782
738	844
738	912
738	953
738	994
739	766
739	826
739	897
739	919
739	923
739	938
740	863
740	894
740	915
740	988
740	991
740	996
741	830
741	889
741	890
741	916
741	930
741	976
741	984
742	780
742	788
742	866
742	994
743	757
743	768
743	793
743	812
743	824
743	842
743	859
743	906
743	930
743	980
744	804
744	882
744	900
745	758
745	817
745	836
745	852
745	927
745	929
746	891
746	971
746	984
747	805
747	806
747	839
747	863
747	958
748	750
748	796
748	798
748	859
748	875
748	909
748	963
748	993
749	935
749	974
749	977
749	995
750	796
750	875
750	909
750	944
751	821
751	858
751	890
751	930
751	934
751	976
751	990
752	790
752	848
752	876
752	904
753	837
753	868
753	941
754	756
754	808
754	850
754	874
754	886
754	965
754	973
755	868
755	915
755	940
755	945
755	948
756	814
756	816
756	874
756	897
756	939
756	965
756	969
757	759
757	768
757	812
757	959
759	803
759	837
759	941
759	984
759	986
760	975
760	984
761	951
761	983
762	772
762	833
762	899
762	931
762	974
762	979
763	835
763	847
763	942
763	960
763	982
763	988
763	999
764	787
764	864
764	973
765	876
765	889
765	983
766	770
766	791
766	826
766	923
766	952
766	997
767	778
767	855
767	905
768	812
768	882
768	900
769	818
769	870
769	871
769	897
769	928
769	966
769	991
770	782
770	851
770	853
770	912
770	964
770	994
771	775
771	801
771	841
771	902
771	916
771	958
772	826
772	833
772	866
772	899
772	931
772	974
772	979
773	785
773	811
773	846
773	911
773	919
773	959
773	964
773	978
774	800
774	813
774	873
774	891
774	943
775	819
775	886
775	988
775	990
776	851
776	853
776	878
776	912
776	994
777	786
777	818
777	838
777	975
778	855
778	877
778	975
779	831
779	857
779	879
779	901
779	920
779	971
779	998
780	866
780	881
780	946
781	887
781	931
781	991
781	992
782	851
782	853
782	878
782	912
783	784
783	821
783	911
783	931
783	935
783	983
784	786
784	822
784	869
784	879
784	880
784	901
784	920
784	971
784	989
785	811
785	899
785	964
785	965
785	978
785	981
786	799
786	843
786	953
786	961
787	797
787	973
788	866
788	936
788	977
789	855
789	865
789	878
789	996
790	848
790	876
790	904
790	913
790	945
790	972
791	826
791	923
791	951
792	850
792	886
792	888
792	944
792	970
794	829
794	906
795	862
795	880
795	917
795	958
795	971
796	875
796	909
796	941
796	951
796	963
796	993
797	807
797	823
797	872
797	902
797	949
797	960
797	968
798	882
798	936
799	856
799	908
800	805
800	854
800	934
800	938
801	803
801	811
801	897
801	919
801	958
802	806
802	810
802	858
802	930
802	976
802	982
803	837
804	825
804	849
804	882
804	900
804	955
805	806
805	854
806	810
807	823
807	872
807	902
807	916
807	960
807	968
807	998
808	886
808	911
809	895
810	824
810	842
810	884
810	953
810	961
810	980
811	926
811	964
811	974
811	978
811	989
811	998
812	906
812	911
812	983
813	840
813	873
813	938
813	943
813	960
814	874
814	910
814	936
814	939
814	965
814	969
815	819
815	845
815	873
815	913
816	817
816	1000
817	836
817	852
817	918
817	929
817	962
818	838
818	975
819	821
819	845
819	859
819	882
819	903
819	990
820	828
820	929
820	932
821	831
821	883
821	911
822	869
822	934
822	989
823	852
823	902
823	951
823	968
823	993
823	998
824	842
824	953
824	957
824	961
824	966
824	993
825	859
825	917
826	829
826	880
826	923
826	952
826	997
827	869
827	985
828	850
828	888
828	981
830	881
830	898
830	984
831	879
831	883
831	885
831	901
831	961
831	971
832	853
832	891
833	870
833	899
833	931
833	974
833	979
834	845
834	955
835	942
835	952
835	963
835	982
835	999
836	852
836	927
836	929
837	905
837	934
838	890
838	975
839	863
839	893
839	905
839	922
839	950
839	1000
840	873
840	910
840	943
840	976
841	936
842	883
842	884
842	953
842	961
842	984
843	924
843	967
844	895
844	921
844	960
845	859
845	884
845	913
846	911
846	925
846	953
846	959
847	876
847	918
847	942
847	947
847	960
847	962
847	982
847	988
847	999
848	850
848	876
848	904
848	913
848	972
848	997
850	888
850	944
850	989
851	878
851	912
851	925
851	994
852	918
853	878
853	887
853	912
853	984
853	994
854	934
854	956
855	865
855	887
855	965
855	996
856	857
856	858
856	907
856	946
857	879
857	885
857	901
857	920
857	971
858	889
858	890
858	916
858	925
858	930
858	976
858	981
859	908
859	917
860	867
860	931
861	956
861	957
861	987
862	880
862	958
862	967
862	980
863	893
863	922
863	950
864	898
865	878
865	994
865	996
867	869
867	872
867	874
867	895
867	934
867	989
868	928
868	929
868	940
868	945
868	948
868	970
869	872
869	880
869	895
869	915
869	989
870	871
870	928
870	966
870	991
871	928
871	966
871	991
872	880
872	895
872	902
872	960
872	968
872	998
873	938
873	943
874	936
874	938
874	939
874	965
874	969
874	993
874	1000
875	909
875	986
875	993
876	904
876	913
876	972
876	997
877	903
877	937
877	954
877	967
877	990
878	912
879	885
879	901
879	908
879	920
880	881
880	934
880	958
881	984
882	982
882	990
882	992
883	899
883	935
883	995
884	891
884	921
884	953
884	961
884	966
885	901
885	920
885	971
887	916
887	931
888	891
888	951
888	970
889	894
889	915
889	983
889	988
890	909
890	916
890	925
890	930
890	976
890	981
892	893
893	898
893	950
894	906
894	915
894	956
894	988
895	921
895	934
895	989
895	990
897	919
898	899
898	924
898	995
899	935
899	974
899	978
899	979
900	904
901	920
902	946
902	960
902	961
902	968
902	998
903	937
903	954
903	967
903	993
904	913
904	972
904	997
905	910
906	959
907	942
907	946
907	953
909	911
909	963
910	914
910	933
910	980
911	983
912	914
912	994
913	915
913	972
913	997
914	933
914	980
915	979
915	988
916	930
916	976
916	981
917	933
917	947
918	927
918	929
918	963
918	982
918	994
918	998
918	999
920	923
920	1000
922	950
922	955
922	971
923	952
923	997
925	930
925	959
925	976
926	936
926	989
926	998
927	929
928	966
928	991
929	940
929	945
929	948
930	946
930	976
930	981
931	974
931	979
932	947
934	975
935	937
935	995
936	939
936	969
937	954
937	967
938	939
938	940
938	943
938	965
938	969
938	1000
939	969
939	1000
940	945
940	948
940	970
941	962
941	984
941	986
942	952
942	962
942	963
942	982
942	999
943	964
944	945
944	951
944	957
944	963
944	993
945	948
945	970
946	955
947	960
947	963
947	982
947	988
947	994
947	999
948	949
948	970
949	993
952	997
953	961
953	966
953	980
954	962
954	967
954	976
956	957
956	987
957	987
958	961
960	962
960	968
960	982
960	998
960	999
961	966
961	980
962	963
962	982
962	984
962	986
962	988
962	994
962	999
963	982
963	988
963	989
963	993
963	994
964	965
964	968
964	978
964	981
965	978
965	981
965	1000
966	970
966	991
968	995
968	998
969	979
970	995
971	984
972	997
974	977
974	979
976	981
977	987
978	981
981	983
982	994
982	999
983	986
984	986
986	999
987	991
988	999
989	998
990	992
990	994
991	992
993	994
