1	257
1	273
1	414
1	498
1	515
1	974
2	650
2	655
2	815
2	834
2	845
2	913
3	235
3	401
3	464
3	680
3	822
3	973
4	165
4	345
4	387
4	628
4	841
4	969
5	57
5	424
5	513
5	882
5	990
5	992
6	19
6	222
6	356
6	430
6	956
6	993
7	91
7	333
7	698
7	775
7	808
7	942
8	318
8	580
8	729
8	822
8	827
8	985
9	213
9	297
9	476
9	843
9	934
9	975
10	393
10	456
10	753
10	819
10	962
10	990
11	414
11	515
11	627
11	749
11	974
11	996
12	129
12	334
12	592
12	735
12	892
12	893
13	14
13	98
13	331
13	484
13	533
13	979
14	163
14	533
14	583
14	827
14	979
15	291
15	377
15	475
15	781
15	991
15	992
16	88
16	449
16	471
16	546
16	654
16	977
17	56
17	123
17	143
17	922
17	974
17	984
18	61
18	375
18	386
18	419
18	821
18	831
19	30
19	44
19	222
19	430
19	993
20	142
20	148
20	274
20	428
20	531
20	939
21	602
21	603
21	635
21	865
21	973
21	996
22	147
22	174
22	187
22	521
22	749
22	809
23	344
23	401
23	799
23	822
23	908
23	976
24	160
24	378
24	524
24	676
24	933
24	955
25	119
25	202
25	505
25	509
25	515
26	284
26	330
26	385
26	473
26	514
26	570
27	605
27	725
27	743
27	858
27	930
27	976
28	352
28	444
28	581
28	801
28	904
28	919
29	434
29	496
29	552
29	587
29	699
29	771
30	180
30	222
30	430
30	641
30	993
31	210
31	625
31	632
31	710
31	932
32	662
32	925
32	956
32	957
32	987
33	335
33	459
33	586
33	909
33	948
33	993
34	117
34	188
34	607
34	650
34	785
34	933
35	393
35	456
35	562
35	691
35	794
35	829
36	173
36	280
36	361
36	380
36	767
36	855
37	197
37	325
37	386
37	821
37	831
37	883
38	258
38	293
38	836
38	925
38	930
38	976
39	565
39	686
39	786
39	874
39	938
39	969
40	365
40	805
40	844
40	890
40	901
40	926
41	241
41	781
41	887
41	931
42	209
42	300
42	396
42	498
42	631
42	952
43	161
43	215
43	254
43	395
43	466
43	860
44	678
44	682
44	737
44	883
44	935
45	182
45	187
45	195
45	324
45	861
45	896
46	251
46	404
46	542
46	558
46	725
46	774
47	506
47	538
47	676
47	719
47	798
47	936
48	360
48	512
48	746
48	832
48	982
48	999
49	291
49	364
49	614
49	781
49	991
49	992
50	461
50	578
50	794
50	876
50	904
50	977
51	139
51	309
51	457
51	559
51	684
51	715
52	513
52	754
52	778
52	847
52	884
52	988
53	132
53	208
53	447
53	811
53	989
53	998
54	391
54	440
54	638
54	747
54	863
54	950
55	600
55	606
55	796
55	852
55	866
55	993
56	123
56	136
56	475
56	922
56	984
57	511
57	775
57	819
57	980
57	990
58	193
58	681
58	751
58	858
58	976
58	981
59	102
59	258
59	455
59	551
59	849
59	905
60	214
60	225
60	445
60	829
61	170
61	566
61	753
61	835
61	837
62	557
62	661
62	683
62	705
62	722
62	983
63	646
63	759
63	803
63	907
63	999
64	535
64	868
64	940
64	945
64	948
65	152
65	782
65	788
65	876
65	912
65	946
66	234
66	658
66	742
66	881
66	942
66	946
67	190
67	506
67	538
67	561
67	691
67	798
68	479
68	530
68	708
68	842
68	953
68	961
69	368
69	526
69	528
69	595
69	689
70	141
70	258
70	377
70	392
70	551
70	849
71	126
71	524
71	618
71	626
71	951
71	954
72	592
72	701
72	706
72	809
72	892
72	893
73	234
73	607
73	613
73	780
73	788
73	946
74	329
74	370
74	647
74	673
74	882
74	900
75	204
75	243
75	469
75	537
75	571
75	788
76	186
76	268
76	472
76	494
76	792
76	800
77	421
77	481
77	638
77	867
77	869
77	872
78	102
78	258
78	455
78	539
78	560
78	849
79	315
79	631
79	651
79	708
79	760
79	811
80	384
80	431
80	609
80	721
80	734
80	959
81	185
81	240
81	595
81	620
81	623
81	966
82	96
82	307
82	337
82	590
82	757
82	768
83	117
83	155
83	629
83	731
83	793
83	942
84	277
84	407
84	786
84	870
84	927
84	928
85	287
85	307
85	434
85	587
85	724
85	757
86	442
86	707
86	815
86	830
86	845
86	997
87	116
87	211
87	277
87	295
87	592
87	846
88	199
88	317
88	471
88	519
88	546
89	251
89	604
89	777
89	818
89	838
89	939
90	454
90	656
90	690
90	736
90	806
90	1000
91	93
91	562
91	695
91	738
91	942
92	141
92	150
92	346
92	374
92	973
93	138
93	271
93	301
93	575
93	619
94	291
94	377
94	403
94	781
94	991
94	992
95	321
95	694
95	777
95	818
95	838
95	939
96	307
96	377
96	757
96	768
96	906
97	355
97	370
97	543
97	647
97	744
97	768
98	331
98	464
98	533
98	589
98	979
99	304
99	353
99	382
99	552
99	906
100	135
100	391
100	768
100	823
100	865
100	900
101	288
101	347
101	471
101	490
101	506
101	798
102	420
102	455
102	849
102	851
103	335
103	500
103	821
103	844
103	926
103	976
104	401
104	524
104	548
104	740
104	894
104	955
105	320
105	429
105	852
105	921
105	927
105	992
106	401
106	464
106	788
106	822
106	867
106	872
107	649
107	673
107	764
107	790
107	848
107	900
108	325
108	386
108	801
108	821
108	831
108	883
109	570
109	666
109	864
109	907
109	916
109	949
110	404
110	483
110	705
110	825
110	828
110	970
111	410
111	839
111	848
111	922
111	950
111	972
112	212
112	248
112	641
112	733
113	580
113	583
113	688
113	857
113	885
113	920
114	189
114	253
114	585
114	603
114	648
114	996
115	321
115	550
115	818
115	838
115	842
115	939
116	211
116	277
116	295
116	303
116	348
117	155
117	333
117	738
117	942
118	454
118	638
118	690
118	736
118	806
118	1000
119	202
119	347
119	505
119	509
120	341
120	460
120	526
120	595
120	634
120	689
121	416
121	418
121	577
121	611
121	825
121	988
122	216
122	249
122	479
122	503
122	684
122	715
123	136
123	922
123	977
123	984
124	224
124	340
124	868
124	940
124	945
124	948
125	266
125	398
125	554
125	589
125	891
125	934
126	348
126	507
126	624
126	663
126	951
127	326
127	328
127	664
127	770
127	853
127	994
128	237
128	424
128	726
128	775
128	819
128	990
129	592
129	701
129	719
129	892
129	893
130	227
130	709
130	712
130	720
130	850
130	949
131	488
131	705
131	783
131	812
131	917
131	983
132	479
132	751
132	882
132	990
132	995
133	192
133	562
133	659
133	758
133	884
133	891
134	310
134	667
134	766
134	826
134	866
134	997
135	543
135	647
135	673
135	880
135	882
136	159
136	718
136	922
136	984
137	147
137	223
137	521
137	590
137	727
137	809
138	284
138	329
138	619
138	774
138	786
139	772
139	833
139	956
139	957
139	987
140	166
140	435
140	496
140	633
140	747
140	777
141	150
141	346
141	374
142	648
142	730
142	839
142	863
142	950
143	572
143	670
143	857
143	879
143	885
144	246
144	591
144	663
144	802
144	964
144	978
145	229
145	572
145	597
145	732
145	942
145	952
146	497
146	797
146	807
146	814
146	902
146	968
147	521
147	590
147	718
147	809
148	322
148	428
148	531
148	803
148	921
149	294
149	315
149	651
149	708
149	760
149	847
150	346
150	374
150	874
151	630
151	722
151	815
151	899
151	935
151	995
152	402
152	613
152	780
152	986
152	993
153	294
153	315
153	530
153	708
153	760
153	771
154	251
154	474
154	483
154	542
154	825
154	946
155	234
155	333
155	695
155	942
156	576
156	714
156	717
156	743
156	768
156	977
157	229
157	462
157	732
157	858
157	942
157	952
158	170
158	470
158	489
158	596
158	753
158	912
159	271
159	388
159	932
159	984
160	514
160	548
160	845
160	955
161	480
161	659
161	758
161	778
161	929
162	433
162	568
162	617
162	846
162	892
162	959
163	292
163	331
163	533
163	717
163	979
164	317
164	868
164	929
164	940
164	945
164	948
165	345
165	387
165	841
165	955
166	435
166	480
166	487
166	496
166	633
167	330
167	339
167	578
167	677
167	843
167	924
168	176
168	881
168	906
169	230
169	232
169	739
169	765
169	889
169	983
170	527
170	566
170	832
170	955
171	172
171	504
171	637
171	758
171	778
171	862
172	221
172	254
172	712
172	860
172	866
173	174
173	361
173	380
173	767
173	855
174	521
174	590
174	642
174	809
175	213
175	504
175	727
175	795
175	941
175	986
176	761
176	906
177	737
177	918
177	967
177	982
177	999
178	570
178	856
178	907
178	946
178	949
179	404
179	558
179	648
179	825
179	972
179	977
180	445
180	744
180	762
180	833
180	993
182	187
182	195
182	324
182	336
182	896
183	361
183	380
183	691
183	822
183	869
183	895
184	423
184	612
184	644
184	801
184	897
184	919
185	206
185	426
185	491
185	620
185	623
186	268
186	450
186	494
186	615
186	792
187	324
187	896
187	918
188	205
188	485
188	501
188	607
188	988
189	245
189	357
189	531
189	551
190	347
190	506
190	600
190	719
190	936
191	308
191	431
191	484
191	549
191	661
192	670
192	778
192	920
192	935
192	971
193	858
193	873
193	916
193	925
193	930
194	433
194	554
194	559
194	568
194	615
194	617
195	324
195	896
195	926
196	685
196	761
196	793
196	861
196	923
196	948
197	460
197	696
197	799
197	908
197	947
198	349
198	675
198	756
198	874
198	886
198	1000
199	317
199	471
199	546
199	781
199	977
200	286
200	379
200	813
200	833
200	873
200	943
201	610
201	624
201	663
201	690
201	736
201	806
202	505
202	509
202	708
203	435
203	487
203	517
203	655
203	725
203	810
204	243
204	469
204	571
204	686
204	920
205	357
205	501
205	639
205	650
205	970
206	265
206	512
206	522
206	605
206	658
206	832
207	215
207	250
207	254
207	395
207	479
207	834
207	860
208	447
208	639
208	811
208	978
208	989
208	998
209	384
209	396
209	446
209	716
209	757
209	846
210	431
210	549
210	568
210	615
210	617
210	928
211	277
211	295
211	410
211	592
211	922
212	248
212	733
212	883
213	297
213	372
213	476
213	934
213	975
214	225
214	777
214	829
215	250
215	254
215	395
215	690
215	860
216	306
216	424
216	453
216	457
216	559
216	978
217	378
217	548
217	605
217	664
217	695
217	834
217	955
218	402
218	557
218	590
218	778
218	809
218	891
219	225
219	572
219	769
219	870
219	871
219	928
219	991
220	401
220	464
220	657
220	822
220	916
220	976
221	395
221	579
221	594
221	852
221	860
221	897
222	329
222	430
222	863
222	993
223	434
223	590
223	809
223	819
223	897
223	919
224	371
224	383
224	402
224	695
224	730
224	986
225	829
226	390
226	432
226	539
226	795
226	840
226	862
226	998
227	282
227	354
227	544
227	599
227	684
227	866
228	269
228	493
228	696
228	826
228	856
228	908
228	910
229	462
229	476
229	656
229	732
229	952
230	556
230	561
230	765
230	889
230	953
230	983
231	255
231	530
231	638
231	839
231	863
231	893
231	950
232	310
232	556
232	765
232	889
232	968
232	983
233	373
233	560
233	634
233	828
233	843
233	906
233	947
234	604
234	742
234	780
234	788
235	236
235	662
235	805
235	956
235	957
235	987
236	359
236	662
236	783
236	956
236	957
236	987
237	261
237	366
237	499
237	775
237	882
237	990
238	309
238	681
238	684
238	692
238	715
238	908
238	944
239	328
239	434
239	587
239	699
239	771
239	841
239	976
240	242
240	279
240	426
240	449
240	623
240	745
241	437
241	593
241	635
241	789
241	878
241	996
242	389
242	426
242	620
242	623
242	626
242	747
243	262
243	469
243	571
243	788
243	915
244	399
244	596
244	797
244	807
244	808
244	823
244	968
245	247
245	357
245	429
245	551
246	500
246	658
246	663
246	791
246	853
246	954
247	477
247	512
247	725
247	746
247	832
247	972
248	432
248	733
248	905
249	285
249	486
249	748
249	796
249	875
249	944
250	254
250	395
250	860
250	875
250	942
251	404
251	542
251	558
251	825
252	504
252	832
252	862
252	888
252	939
252	958
253	437
253	760
253	789
253	865
253	878
253	996
254	860
254	889
255	672
255	905
255	910
255	914
255	923
255	980
256	529
256	641
256	661
256	685
256	704
256	718
256	864
257	273
257	414
257	515
257	749
257	974
257	986
258	455
258	708
258	849
259	298
259	472
259	500
259	839
259	863
259	922
259	926
260	437
260	438
260	488
260	492
260	597
260	702
260	995
261	454
261	690
261	736
261	806
261	1000
262	284
262	332
262	385
262	571
262	887
262	982
263	636
263	706
263	877
263	890
263	903
263	930
263	967
264	351
264	516
264	673
264	707
264	764
264	787
264	973
265	477
265	512
265	725
265	746
265	830
265	891
266	319
266	398
266	554
266	589
266	755
266	780
267	419
267	474
267	527
267	566
267	672
267	753
267	832
268	494
268	550
268	615
268	645
268	792
269	326
269	343
269	675
269	692
269	799
269	947
270	614
270	660
270	678
270	761
270	776
270	793
270	884
271	275
271	301
271	329
271	619
271	774
272	580
272	679
272	711
272	729
272	827
272	852
272	985
273	414
273	496
273	515
273	798
273	974
274	322
274	428
274	531
274	794
274	919
274	921
275	528
275	854
275	888
275	905
275	980
275	1000
276	482
276	614
276	629
276	660
276	761
276	793
276	809
277	295
277	410
277	592
278	321
278	561
278	608
278	874
278	965
278	969
278	1000
279	485
279	579
279	627
279	792
279	808
279	886
280	409
280	648
280	774
280	840
280	873
280	943
281	303
281	371
281	698
281	741
281	881
281	931
281	971
282	543
282	664
282	866
282	878
282	912
282	949
283	366
283	760
283	842
283	884
283	923
283	990
283	992
284	291
284	330
284	385
284	473
285	493
285	692
285	799
285	856
285	873
285	908
286	349
286	813
286	840
286	873
286	938
286	943
287	307
287	757
287	812
287	840
287	906
287	959
288	406
288	490
288	506
288	719
288	798
288	826
289	409
289	427
289	436
289	522
289	535
289	536
289	651
290	359
290	425
290	564
290	582
290	698
290	741
290	878
291	377
291	991
291	992
292	416
292	577
292	611
292	773
292	859
292	917
293	745
293	748
293	817
293	836
293	852
293	929
294	530
294	549
294	631
294	708
294	760
295	410
295	592
295	683
296	824
296	861
296	884
296	923
296	941
296	953
296	961
297	476
297	670
297	934
297	975
298	628
298	810
298	861
298	923
298	953
298	980
299	664
299	770
299	776
299	827
299	853
299	912
299	994
300	302
300	396
300	446
300	601
300	631
300	793
301	329
301	504
301	619
301	694
301	774
302	304
302	305
302	313
302	353
302	382
302	552
303	598
303	698
303	741
303	881
303	971
304	305
304	353
304	382
304	409
304	552
305	353
305	382
305	552
305	596
305	811
306	309
306	645
306	715
306	740
306	752
306	924
307	757
307	959
307	991
308	431
308	484
308	549
308	707
308	946
309	453
309	558
309	684
309	715
310	500
310	556
310	765
310	889
310	983
311	363
311	542
311	640
311	707
311	740
311	889
311	894
312	508
312	622
312	762
312	772
312	828
312	833
312	979
313	316
313	341
313	368
313	526
313	595
313	689
314	466
314	627
314	652
314	742
314	780
314	832
314	881
315	530
315	708
315	760
315	910
316	342
316	369
316	422
316	599
316	866
316	949
317	389
317	491
317	620
317	625
318	494
318	602
318	679
318	711
318	827
318	985
319	398
319	554
319	589
319	755
319	778
319	884
320	354
320	429
320	862
320	921
321	499
321	777
321	838
321	939
322	428
322	531
322	677
322	794
322	921
323	648
323	661
323	682
323	705
323	855
323	911
323	996
324	336
324	423
324	896
325	792
325	883
325	956
325	957
325	987
326	493
326	696
326	799
326	908
326	951
328	677
328	770
328	843
328	895
328	912
329	619
329	774
330	385
330	473
330	514
330	547
331	439
331	533
331	774
331	979
332	385
332	431
332	435
332	473
332	484
332	549
333	623
333	695
333	738
333	942
334	471
334	836
334	839
334	892
334	893
334	977
335	472
335	681
335	800
335	844
335	926
336	896
336	933
336	940
336	945
336	948
337	656
337	743
337	757
337	956
337	957
337	987
338	659
338	758
338	778
338	867
338	884
338	891
338	975
339	519
339	566
339	578
339	634
339	843
339	924
340	516
340	690
340	764
340	787
340	806
340	973
341	460
341	467
341	526
341	595
341	689
342	390
342	427
342	436
342	539
342	651
342	674
343	485
343	627
343	754
343	808
343	855
343	973
344	608
344	692
344	696
344	799
344	856
344	908
345	387
345	726
345	841
346	374
346	795
346	869
347	506
347	676
347	798
347	874
348	835
348	960
348	982
348	988
348	999
349	608
349	675
349	756
349	814
349	874
350	408
350	675
350	686
350	724
350	731
350	969
350	972
351	516
351	764
351	787
351	907
351	973
352	362
352	581
352	739
352	796
352	897
352	919
353	382
353	391
353	552
354	429
354	882
354	921
355	384
355	543
355	647
355	673
355	744
355	882
355	900
356	396
356	430
356	446
356	631
356	885
356	912
356	993
357	514
357	551
358	365
358	394
358	472
358	500
358	605
358	612
358	844
358	926
359	425
359	564
359	598
359	698
359	746
359	881
360	600
360	606
360	672
360	823
360	905
360	936
360	980
361	364
361	380
361	767
361	855
361	920
362	491
362	591
362	594
362	919
362	964
362	975
362	978
363	640
363	697
363	740
363	778
363	889
363	894
363	988
364	380
364	392
364	539
364	646
364	855
364	992
365	467
365	844
365	886
365	926
365	934
365	973
366	424
366	716
366	819
366	867
366	982
366	992
367	525
367	573
367	650
367	666
367	830
367	834
367	937
367	965
368	460
368	522
368	526
368	595
368	689
368	912
369	422
369	474
369	544
369	709
369	712
369	898
369	949
370	647
370	744
370	792
370	804
370	900
370	935
371	383
371	402
371	956
371	957
371	986
371	987
372	396
372	446
372	498
372	570
372	601
372	907
372	946
373	413
373	576
373	713
373	792
373	850
373	854
373	888
374	560
374	828
374	951
374	970
375	597
375	702
375	742
375	780
375	829
375	881
375	995
376	671
376	676
376	763
376	955
376	975
376	982
376	988
376	999
377	936
377	991
377	992
378	429
378	671
378	695
378	834
378	953
378	955
379	409
379	813
379	818
379	848
379	873
379	938
379	943
380	767
380	789
380	855
381	499
381	694
381	777
381	818
381	838
381	921
381	939
381	975
382	552
382	660
382	922
383	391
383	402
383	730
383	781
383	870
383	986
384	609
384	632
384	846
384	925
384	959
385	514
385	761
385	872
386	720
386	821
386	831
386	883
386	968
387	406
387	841
388	389
388	713
388	820
388	850
388	888
388	922
388	984
389	426
389	449
389	491
389	620
389	623
390	535
390	536
390	674
390	840
390	873
390	885
391	402
391	638
391	863
391	986
392	653
392	785
392	964
392	978
392	991
392	993
393	456
393	562
393	691
393	741
393	794
393	829
394	472
394	612
394	721
394	800
394	805
394	844
394	926
395	817
395	860
395	944
396	426
396	498
396	601
397	442
397	655
397	815
397	830
397	834
397	913
397	925
397	997
398	554
398	589
398	755
398	861
398	984
399	537
399	604
399	625
399	632
399	669
399	710
399	932
400	506
400	706
400	787
400	877
400	890
400	903
400	954
400	967
401	464
401	680
401	822
402	730
402	986
403	515
403	563
403	584
403	767
403	910
403	914
403	980
404	483
404	542
404	558
404	815
405	502
405	529
405	563
405	633
405	687
405	718
405	864
405	924
406	665
406	769
406	870
406	871
406	928
406	966
407	444
407	736
407	784
407	927
408	475
408	563
408	672
408	693
408	905
408	910
408	933
409	813
409	873
409	938
409	943
410	536
410	894
410	896
410	988
411	419
411	566
411	679
411	817
411	827
411	832
411	985
411	998
412	654
412	700
412	728
412	771
412	801
412	819
412	915
412	916
413	703
413	751
413	850
413	854
413	888
413	944
413	995
414	515
414	749
414	863
414	974
415	512
415	605
415	621
415	722
415	891
415	913
415	935
415	964
416	566
416	577
416	611
416	804
416	825
416	859
416	917
417	419
417	626
417	868
417	929
417	940
417	945
417	948
417	970
418	452
418	459
418	586
418	748
418	796
418	875
418	909
419	527
419	566
419	596
419	739
420	455
420	551
420	797
420	849
420	902
420	949
420	968
421	588
421	687
421	822
421	856
421	867
421	869
421	934
422	544
422	599
422	666
422	712
422	898
422	957
423	427
423	535
423	594
423	674
423	897
423	919
424	479
424	716
424	990
424	992
425	698
425	727
425	746
425	941
425	954
425	984
426	620
426	626
426	990
427	493
427	535
427	536
427	539
427	674
428	531
428	582
428	794
428	921
429	921
430	445
430	870
430	993
431	484
431	549
432	637
432	742
432	795
432	862
432	880
432	958
433	452
433	482
433	559
433	568
433	593
433	617
434	587
434	652
434	743
434	841
435	496
435	517
435	582
435	810
436	535
436	536
436	674
436	828
436	840
436	872
437	488
437	702
437	992
437	995
437	996
438	597
438	646
438	702
438	803
438	804
438	907
438	995
439	468
439	533
439	763
439	881
439	922
439	950
439	979
440	810
440	861
440	884
440	953
440	961
440	969
440	980
441	444
441	478
441	578
441	634
441	645
441	677
441	700
441	786
442	574
442	815
442	819
442	830
442	859
442	971
443	565
443	706
443	733
443	877
443	890
443	903
443	937
443	967
444	642
444	897
444	919
444	927
445	544
445	748
445	875
445	909
445	993
446	498
446	601
446	631
446	783
447	457
447	639
447	811
447	857
447	989
447	998
448	497
448	599
448	797
448	807
448	902
448	960
448	968
448	998
449	466
449	546
449	583
449	623
449	977
450	458
450	507
450	618
450	626
450	663
450	951
450	954
451	495
451	520
451	726
451	745
451	817
451	836
451	852
451	984
452	533
452	568
452	597
452	617
452	702
452	995
453	559
453	715
453	724
453	766
453	826
453	917
454	690
454	736
454	806
454	909
454	1000
455	477
455	849
455	859
456	680
456	691
456	794
456	829
456	877
457	546
457	607
457	715
457	989
457	998
458	569
458	577
458	600
458	606
458	823
458	824
458	852
459	486
459	487
459	875
459	896
459	909
459	963
460	526
460	595
460	689
460	909
461	752
461	848
461	864
461	876
461	901
461	904
461	972
462	632
462	732
462	835
462	908
462	942
462	952
463	475
463	563
463	800
463	828
463	850
463	854
463	888
463	914
464	753
464	822
465	534
465	640
465	707
465	740
465	880
465	894
465	915
465	988
466	604
466	652
466	780
466	881
466	946
467	485
467	579
467	680
467	699
467	808
467	886
468	492
468	768
468	839
468	863
468	893
468	922
468	950
469	552
469	571
469	625
469	788
470	527
470	753
470	785
470	964
470	965
470	973
470	978
471	546
471	719
471	977
472	612
472	800
472	844
472	971
473	774
473	813
473	873
473	936
473	943
474	566
474	753
474	868
474	940
474	945
474	948
475	672
475	905
475	910
475	914
475	933
476	621
476	934
476	975
477	626
477	642
477	795
477	832
477	862
477	891
478	519
478	634
478	677
478	714
478	755
478	787
478	843
478	924
479	775
479	875
479	963
479	990
480	548
480	659
480	758
480	778
480	816
480	884
480	891
481	588
481	660
481	713
481	784
481	867
481	880
481	934
481	989
482	508
482	614
482	629
482	660
482	699
482	761
482	793
483	542
483	558
483	725
483	825
483	847
483	849
484	536
484	549
485	555
485	680
485	840
485	886
485	973
486	517
486	568
486	748
486	750
486	875
486	909
486	944
487	582
487	684
487	747
487	802
487	810
487	970
488	597
488	702
488	945
488	995
489	503
489	527
489	753
489	800
489	876
489	904
489	972
489	979
490	506
490	532
490	538
490	651
490	719
490	914
490	936
491	623
491	677
491	710
491	714
491	843
492	597
492	624
492	702
492	837
492	839
492	893
492	950
493	692
493	696
493	805
493	908
493	947
494	550
494	615
494	782
494	792
495	545
495	726
495	745
495	817
495	836
495	914
495	918
495	929
496	517
496	582
496	802
496	810
497	532
497	534
497	807
497	902
497	926
497	968
497	998
498	668
498	825
498	905
498	914
499	694
499	777
499	803
499	818
499	838
499	939
500	612
500	800
500	844
500	926
501	525
501	607
501	639
501	644
501	650
501	808
501	933
502	527
502	529
502	541
502	575
502	641
502	718
502	864
502	898
503	610
503	697
503	752
503	790
503	848
503	904
503	972
504	637
504	795
504	851
504	862
504	958
505	509
505	601
505	740
505	766
505	889
505	915
506	719
507	624
507	658
507	663
507	732
507	951
507	954
507	968
508	763
508	918
508	947
508	963
508	982
508	994
508	999
509	998
510	554
510	581
510	589
510	594
510	845
510	897
510	919
510	937
511	573
511	795
511	847
511	862
511	880
511	960
511	962
511	982
512	605
512	725
512	812
512	891
513	585
513	593
513	603
513	789
513	865
513	878
513	996
514	524
514	548
514	735
514	955
515	749
515	974
516	643
516	649
516	764
516	787
516	973
517	633
517	684
517	747
517	810
517	986
518	537
518	553
518	625
518	632
518	669
518	704
518	710
518	820
518	932
519	546
519	645
519	705
519	786
519	857
519	977
520	545
520	726
520	745
520	817
520	836
520	885
520	924
520	929
521	590
521	616
521	642
521	809
521	879
522	605
522	736
522	746
522	806
522	891
522	1000
523	540
523	664
523	770
523	776
523	782
523	837
523	853
523	878
523	912
524	527
524	548
524	676
524	834
524	955
525	530
525	607
525	639
525	644
525	650
525	933
525	937
526	595
526	624
526	689
527	832
527	837
528	713
528	729
528	827
528	828
528	856
528	970
528	985
529	575
529	687
529	718
529	864
529	924
529	934
530	651
530	708
530	760
531	794
531	838
531	921
532	691
532	798
532	890
532	900
532	903
532	936
532	967
533	613
533	979
534	596
534	795
534	797
534	807
534	902
534	960
534	968
535	539
535	674
535	861
536	539
536	651
536	840
537	619
537	625
537	632
537	669
537	710
537	932
538	584
538	798
538	894
538	905
538	910
538	970
539	674
539	840
540	543
540	647
540	654
540	770
540	853
540	878
540	900
540	908
541	575
541	641
541	687
541	767
541	789
541	864
541	898
541	924
542	558
542	725
542	974
543	744
543	882
543	896
543	900
544	599
544	606
544	669
544	866
544	949
545	726
545	745
545	817
545	836
545	896
545	927
545	929
546	694
546	977
547	728
547	771
547	776
547	853
547	912
547	916
547	958
547	994
548	556
548	695
548	955
549	603
550	665
550	769
550	870
550	871
550	928
551	586
551	849
551	915
553	621
553	682
553	722
553	737
553	749
553	935
553	974
553	995
554	589
554	755
554	989
555	602
555	627
555	680
555	734
555	754
555	775
555	802
555	886
556	561
556	765
556	889
556	983
556	992
557	661
557	723
557	783
557	812
557	821
557	830
557	983
558	725
558	903
559	568
559	617
559	715
559	986
560	713
560	820
560	854
560	943
560	944
560	951
561	669
561	765
561	936
561	969
561	983
562	764
562	787
562	794
562	829
562	973
563	672
563	905
563	910
563	914
563	933
564	607
564	609
564	650
564	698
564	933
564	937
564	971
565	578
565	756
565	816
565	877
565	890
565	903
565	967
565	1000
566	753
566	837
567	701
567	727
567	735
567	759
567	823
567	941
567	962
567	968
567	984
567	986
568	569
568	615
568	617
569	600
569	601
569	606
569	711
569	729
569	824
569	827
569	985
570	714
570	856
570	907
570	946
571	628
571	788
571	949
572	779
572	831
572	857
572	879
572	885
572	901
572	920
573	574
573	819
573	830
573	834
573	845
573	859
573	913
573	947
574	640
574	655
574	707
574	799
574	815
574	830
574	834
574	845
575	685
575	704
575	718
575	864
575	898
575	983
576	662
576	742
576	757
576	812
576	906
576	956
576	957
576	987
577	611
577	661
577	804
577	825
577	859
577	917
578	634
578	677
578	714
578	786
578	843
579	602
579	627
579	680
579	733
579	754
579	886
579	899
580	679
580	711
580	723
580	729
580	827
580	953
580	985
581	594
581	644
581	739
581	766
581	897
581	919
581	966
582	598
582	692
582	698
582	802
582	971
583	670
583	779
583	825
583	857
583	879
583	885
583	901
584	651
584	657
584	672
584	758
584	910
584	930
584	976
584	981
585	593
585	602
585	620
585	789
585	855
585	865
585	976
585	996
586	592
586	720
586	748
586	750
586	796
586	875
586	963
587	652
587	665
587	699
587	737
587	771
587	841
588	660
588	671
588	824
588	867
588	869
588	872
588	880
588	895
589	755
589	954
590	642
590	809
590	999
591	653
591	785
591	799
591	964
591	965
591	978
591	981
591	991
592	892
592	922
593	603
593	635
593	789
593	865
593	954
593	996
594	739
594	807
594	884
594	897
594	919
595	689
595	703
596	753
596	837
596	872
596	935
596	968
597	702
597	853
597	995
598	679
598	698
598	741
598	746
598	881
598	930
598	971
599	709
599	712
599	866
599	931
599	949
600	606
600	796
600	823
600	824
600	852
601	767
601	905
601	910
601	914
602	627
602	733
602	789
602	944
602	996
603	635
603	789
603	860
603	865
603	996
604	652
604	658
604	742
604	780
604	788
604	946
605	746
605	832
605	891
606	668
606	823
606	824
606	852
607	650
607	933
607	937
608	675
608	756
608	763
608	814
608	936
608	938
608	1000
609	721
609	734
609	828
609	837
609	846
609	925
609	959
610	752
610	790
610	838
610	876
610	904
610	972
610	977
610	997
611	720
611	723
611	804
611	825
611	859
611	917
612	681
612	800
612	844
612	878
612	926
613	742
613	762
613	772
613	833
613	881
613	929
613	974
614	629
614	678
614	699
614	761
614	770
614	793
615	617
615	736
615	792
615	876
616	618
616	763
616	835
616	847
616	947
616	962
616	963
616	982
616	999
617	923
617	943
618	638
618	663
618	798
618	839
618	863
618	950
618	954
619	774
619	902
620	623
620	626
620	631
621	630
621	682
621	737
621	749
621	887
621	935
621	995
622	623
622	762
622	772
622	833
622	899
622	919
622	931
622	974
622	979
624	775
624	791
624	882
624	990
624	992
625	632
625	710
625	820
625	932
626	791
626	954
626	962
627	680
627	808
627	886
628	679
628	711
628	729
628	861
628	923
628	961
628	985
629	678
629	687
629	699
629	761
629	793
629	877
630	700
630	710
630	728
630	737
630	898
630	915
630	935
630	958
631	708
631	760
631	996
632	710
632	820
632	932
633	684
633	701
633	785
633	964
633	978
633	981
634	677
634	770
634	786
634	924
635	773
635	789
635	865
635	878
635	910
635	996
636	706
636	751
636	877
636	890
636	903
636	937
636	945
636	954
636	967
637	795
637	849
637	851
637	862
637	880
637	928
637	958
638	839
638	893
638	922
638	950
639	748
639	794
639	856
639	937
639	989
639	998
640	707
640	740
640	889
640	894
640	896
640	958
640	988
641	685
641	687
641	704
641	718
641	864
641	898
642	809
642	823
642	868
642	940
642	945
642	948
643	649
643	657
643	793
643	802
643	858
643	916
643	925
643	930
643	976
643	981
644	650
644	666
644	801
644	897
644	919
644	933
644	994
645	843
645	868
645	924
645	940
645	945
645	946
645	948
646	759
646	799
646	803
646	907
647	673
647	744
647	835
647	900
647	987
648	813
648	855
648	865
648	873
648	938
648	943
649	657
649	751
649	802
649	858
649	925
649	930
649	963
649	976
650	750
650	937
651	674
651	760
651	820
652	699
652	742
652	771
652	779
652	780
652	841
653	773
653	785
653	811
653	907
653	916
653	964
653	965
653	978
653	981
654	700
654	728
654	771
654	801
654	887
654	915
654	916
654	958
655	707
655	815
655	819
655	830
655	845
655	875
655	913
656	665
656	732
656	870
656	871
656	928
656	942
656	952
656	991
657	741
657	802
657	858
657	898
657	930
657	976
657	994
658	739
658	780
658	852
658	946
658	951
658	954
659	758
659	778
659	816
659	824
659	850
659	884
659	891
660	663
660	696
660	761
660	793
660	989
661	683
661	723
661	783
661	821
661	911
662	671
662	691
662	717
662	805
662	956
662	957
662	987
663	894
663	904
663	951
664	776
664	782
664	851
664	853
664	912
664	1000
665	769
665	782
665	870
665	871
665	928
665	966
665	991
666	683
666	709
666	712
666	720
666	866
666	898
666	949
667	724
667	731
667	739
667	766
667	791
667	826
667	895
667	952
667	985
667	997
668	672
668	767
668	877
668	890
668	903
668	910
668	914
668	950
668	967
669	709
669	712
669	803
669	898
669	932
669	949
670	857
670	879
670	885
670	901
670	911
670	920
670	971
671	695
671	805
671	955
671	956
671	957
671	983
671	987
672	693
672	914
672	985
673	674
673	744
673	768
673	804
673	900
674	675
674	840
675	754
675	814
675	816
675	874
675	969
676	719
676	797
676	834
676	922
676	936
676	955
677	714
677	843
677	892
678	721
678	722
678	737
678	761
678	883
678	889
678	935
679	711
679	729
679	827
679	955
679	985
680	808
680	886
680	973
681	692
681	790
681	799
681	800
681	856
681	908
681	926
682	722
682	749
682	883
682	899
682	935
682	992
682	995
683	691
683	705
683	723
683	783
683	812
683	821
683	917
684	712
684	715
684	802
685	687
685	715
685	718
685	864
685	871
685	898
685	924
686	754
686	756
686	814
686	874
686	936
686	961
686	965
686	969
687	704
687	718
687	864
687	924
688	689
688	704
688	779
688	829
688	831
688	857
688	885
688	901
688	920
688	971
689	894
690	736
690	806
690	917
690	1000
691	719
691	798
691	829
692	799
692	870
692	908
692	947
693	790
693	848
693	876
693	910
693	914
693	965
693	972
693	977
693	979
694	717
694	777
694	818
694	838
694	939
694	975
695	738
695	955
695	956
696	788
696	799
696	856
696	908
696	947
697	769
697	842
697	861
697	870
697	871
697	923
697	928
697	953
697	966
698	805
698	971
699	793
699	841
699	931
700	728
700	771
700	864
700	887
700	915
700	916
700	958
701	727
701	774
701	892
701	893
701	941
701	962
701	984
702	801
702	994
702	995
703	705
703	713
703	735
703	783
703	806
703	812
703	850
703	854
703	911
704	758
704	857
704	879
704	901
704	920
705	723
705	911
705	917
705	983
706	824
706	877
706	890
706	903
706	937
706	967
707	815
707	845
707	894
708	760
709	712
709	720
709	866
709	945
709	949
709	966
710	723
710	820
710	932
711	723
711	724
711	729
711	827
711	985
711	988
712	866
712	924
712	949
713	792
713	841
713	850
713	854
713	888
713	944
714	716
714	717
714	757
714	812
714	843
714	959
715	723
715	834
716	721
716	734
716	751
716	846
716	911
716	913
716	990
716	992
717	757
717	768
717	777
717	818
717	939
717	959
717	975
718	864
718	924
719	798
719	936
719	990
720	750
720	866
720	909
720	944
720	949
720	993
721	734
721	773
721	837
721	846
721	911
721	925
721	959
722	737
722	883
722	899
722	935
722	987
722	995
723	783
723	985
724	731
724	766
724	791
724	826
724	895
724	952
724	997
725	731
725	832
725	960
726	743
726	745
726	817
726	836
726	918
726	929
727	729
727	735
727	759
727	941
727	962
727	984
727	986
728	771
728	801
728	887
728	895
728	916
728	935
728	958
729	827
729	965
729	985
730	753
730	789
730	839
730	863
730	950
730	986
730	991
731	766
731	791
731	826
731	895
731	914
731	952
731	997
732	835
732	843
732	942
732	952
733	754
733	808
733	886
733	900
734	773
734	815
734	837
734	846
734	911
734	925
734	959
735	792
735	828
735	854
735	855
735	888
735	941
735	986
736	806
736	926
736	1000
737	883
737	899
737	935
737	995
738	776
738	782
738	851
738	912
738	937
738	942
738	994
738	996
739	791
739	826
739	897
739	919
739	997
740	887
740	894
740	915
740	984
740	988
741	858
741	881
741	930
741	944
741	976
741	981
742	780
742	788
742	881
743	810
743	812
743	842
743	906
743	923
743	959
743	961
744	765
744	768
744	804
744	882
744	900
745	747
745	817
745	836
745	927
745	929
746	787
746	881
746	891
746	971
747	752
747	802
747	839
747	863
747	922
747	950
748	750
748	796
748	875
748	909
748	963
749	899
749	935
749	974
749	989
750	758
750	767
750	796
750	875
750	944
750	963
750	993
751	858
751	882
751	930
751	976
751	990
751	992
752	790
752	848
752	876
752	904
752	972
752	994
752	997
753	837
754	755
754	808
754	936
754	965
754	969
755	868
755	940
755	945
755	948
755	970
756	808
756	811
756	814
756	816
756	874
756	965
756	969
757	812
757	855
758	778
758	816
758	891
759	762
759	800
759	803
759	907
759	941
759	984
759	986
760	779
761	793
761	964
762	772
762	833
762	899
762	931
762	972
762	974
762	979
763	918
763	960
763	962
763	963
763	982
763	994
763	999
764	765
764	787
764	973
764	989
765	839
765	889
765	983
766	791
766	826
766	895
766	952
766	981
766	997
767	855
767	905
767	933
767	978
768	804
768	900
768	911
768	959
769	870
769	871
769	926
769	927
769	928
769	950
769	966
769	991
770	776
770	782
770	851
770	853
770	878
770	912
771	804
771	841
771	915
772	814
772	833
772	899
772	900
772	931
772	948
772	974
772	979
773	785
773	837
773	846
773	911
773	959
773	964
773	965
773	978
774	813
774	873
774	943
775	808
775	881
775	886
775	897
775	973
775	990
776	782
776	784
776	851
776	853
776	912
776	994
777	818
777	838
777	939
777	975
778	816
778	969
779	831
779	857
779	879
779	885
779	899
779	901
779	920
779	971
780	946
780	958
781	887
781	931
781	991
781	992
782	851
782	853
782	878
782	912
782	994
783	821
783	911
783	913
783	917
783	983
784	867
784	869
784	879
784	885
784	901
784	920
784	934
784	948
784	971
784	989
785	811
785	964
785	965
785	978
785	981
785	997
786	842
786	843
786	923
786	953
786	961
786	966
787	973
788	826
789	865
789	996
790	791
790	848
790	876
790	904
790	913
790	972
790	997
791	826
791	938
791	951
791	954
792	944
792	951
793	964
794	829
794	844
794	921
795	851
795	862
795	880
795	958
796	875
796	909
796	921
796	944
796	993
797	823
797	902
797	918
797	960
797	968
797	986
797	998
798	831
798	936
799	908
800	805
800	844
800	926
801	887
801	897
801	915
801	919
801	951
802	858
802	930
802	981
803	907
804	809
804	859
804	900
804	917
805	844
805	926
805	956
805	957
805	987
806	857
806	1000
807	823
807	872
807	902
807	911
807	960
807	968
807	998
808	886
810	812
810	861
810	897
810	953
810	961
811	964
811	978
811	981
811	989
811	998
812	906
812	917
813	840
813	873
813	895
813	902
813	938
813	943
814	816
814	874
814	938
814	965
814	969
814	1000
815	819
815	830
815	845
815	913
816	817
816	859
816	884
816	936
816	942
816	969
817	836
817	852
817	918
817	927
818	838
818	869
818	939
818	975
818	999
819	830
819	859
819	950
819	990
820	821
820	828
820	850
820	875
820	888
820	932
820	951
821	825
821	831
821	883
821	983
822	867
822	869
822	880
822	959
822	977
823	852
823	902
823	968
823	998
824	842
824	852
824	861
824	923
824	961
824	980
825	859
825	917
826	895
826	952
826	997
827	964
827	985
828	850
828	854
828	888
828	970
829	985
830	845
830	859
830	882
831	835
831	883
831	885
831	901
831	920
832	909
832	941
833	841
833	899
833	931
833	974
833	979
834	837
834	845
834	955
835	847
835	927
835	942
835	947
835	952
835	982
835	999
836	918
836	927
836	939
836	981
837	846
837	911
838	939
838	975
838	995
839	863
839	950
840	873
840	934
840	943
842	847
842	884
842	911
842	953
842	961
842	966
842	980
843	924
844	851
844	926
845	859
845	913
845	967
846	866
846	924
846	925
846	959
847	918
847	947
847	960
847	962
847	963
847	982
847	994
848	849
848	876
848	904
848	913
848	970
848	972
848	977
850	854
850	871
850	888
850	951
850	970
851	853
851	862
851	880
851	958
851	994
852	918
852	927
853	912
853	967
853	994
854	868
854	872
854	888
854	951
854	970
855	865
855	878
855	996
856	907
856	946
856	947
857	879
857	885
857	901
857	920
858	860
858	916
858	930
858	959
858	976
859	913
859	947
860	982
861	923
861	953
861	961
861	966
862	880
862	917
862	923
862	958
863	893
863	906
863	950
864	898
864	924
865	891
865	972
865	982
865	996
866	898
866	949
867	869
867	872
867	880
867	888
867	934
867	989
868	929
868	940
868	945
868	948
868	970
868	983
869	872
869	880
869	895
869	934
869	989
869	990
870	871
870	928
870	966
870	991
871	928
871	966
871	991
871	995
872	895
872	902
872	960
872	968
872	998
873	938
873	943
874	876
874	938
874	965
874	969
874	1000
875	909
875	963
876	904
876	913
876	972
876	997
877	887
877	890
877	903
877	937
877	954
877	967
878	912
878	951
878	996
879	885
879	901
879	920
879	939
879	949
879	971
880	989
880	999
882	900
882	960
882	990
883	905
883	935
883	988
884	953
884	966
885	901
886	939
886	973
886	977
887	916
887	931
887	958
888	889
888	944
888	970
889	894
889	896
889	983
890	893
890	903
890	937
890	954
890	967
890	989
891	967
892	893
892	907
893	922
893	950
893	961
893	966
894	896
894	915
894	980
894	988
895	902
895	934
895	952
895	989
896	915
896	988
897	919
897	960
898	902
898	949
898	975
899	935
899	959
899	974
899	979
899	995
901	903
901	920
901	971
902	960
902	968
902	998
903	918
903	937
903	954
903	967
904	913
904	972
904	977
904	997
904	1000
905	910
905	933
905	980
906	920
906	959
907	946
908	947
908	980
909	944
909	958
909	963
909	993
910	914
910	980
911	925
911	983
913	972
913	997
914	933
914	980
915	919
915	958
915	988
916	930
916	963
916	976
916	981
917	927
917	983
918	927
918	929
918	960
918	982
918	999
920	961
920	971
921	925
921	979
922	984
923	928
923	953
923	961
923	980
925	930
925	971
925	976
925	981
928	936
928	966
928	991
929	940
929	945
929	948
929	970
929	990
930	932
930	976
931	974
931	979
932	933
933	937
933	980
934	975
934	989
935	995
936	938
936	969
937	954
937	967
937	985
938	940
938	943
938	965
938	969
938	987
938	1000
939	975
940	945
940	948
940	952
940	970
940	981
941	962
941	978
941	984
941	986
942	946
942	952
943	945
943	957
944	951
944	970
944	993
945	948
945	970
947	960
947	982
947	994
947	999
948	970
950	984
951	953
952	956
952	997
953	961
953	966
953	980
954	967
955	958
956	957
956	987
957	987
957	993
960	968
960	982
960	999
961	962
961	966
961	980
962	963
962	982
962	984
962	986
962	988
962	999
962	1000
963	968
963	988
963	993
963	994
963	999
964	965
964	978
964	981
965	969
965	978
965	981
966	980
966	991
967	971
968	998
969	973
969	1000
972	977
972	997
974	979
974	988
976	981
977	997
978	981
979	983
980	981
982	994
982	999
984	986
987	991
988	994
988	999
989	998
990	992
991	992
993	996
994	999
997	998
