16 608 625 820 518 710 632 537 399
496 435 166 582 487 810 203 747 684
306 51 309 725 648 216 122 715 238 559
352 897 644 581 919 42 28
352 801 739 423 551 184 444
320 2 354 322 546 387 389 105 905 428 429 594 531 20 921 794
929 417 194 868 932 164 615 617 12 940 559 433 945 210 948 568
768 97 673 355 900 804 647 135 744 169 107 370 882 543
993 19 452 180 6 30 222
576 705 386 514 130 195 325 139 524 337 18 217 987 671 32 96 548 37 677 805 104 233 426 235 236 108 45 941 48 821 757 123 187 956 892 957 831
545 451 324 836 708 293 613 520 360 745 458 910 495 817 914 852 55 600 824 569 475 606 767 255
961 196 743 296 298 490 842 212 884 980 440 953 923 283 861
388 713 970 463 560 850 275 500 854 951 888 792 828 703 735
468 54 950 231 439 618 747 813 638 142 863 111
646 774 136 138 907 271 17 24 280 409 922 286 927 288 160 803 676 39 809 938 301 178 566 438 695 567 56 570 955 701 62 63 962 329 202 726 727 984 473 733 93 100 112 759 248 376 378 379 765
1 257 642 643 772 7 649 137 266 11 13 398 14 273 657 916 533 413 925 544 417 929 930 802 931 164 932 38 554 940 174 945 948 58 319 584 459 331 589 974 976 979 858 474 218 476 220 223 868 741 103 746 106 749 622 751 755 762 124
404 825 251 492 46 110 542 558
513 865 323 996 585 593 114 883 21 789 602 603 635 253
738 83 43 91 155 333 942
34 501 373 933 665 873 650 188 205 607 367
176 229 168 906 140 109 349
995 260 452 437 597 438 918 375 488 702
117 213 934 167 9 297 345
225 674 35 456 393 10 587 562 691 214 794 60 829
243 788 469 326 262 312 204
385 98 514 200 26 330 284
833 580 711 679 8 272 528 628 374 729 985 827 411 318
640 896 465 915 740 311 363 988 894
215 250 395 172 221 254 207
800 259 612 358 40 472 681 394 844 365 430 926
592 241 129 211 116 277 87 295 72 410
128 132 5 424 57 237 366 990 479
368 336 689 483 595 341 120 328 313 460 526
192 704 67 356 901 583 779 879 143 688 784 113 885 920 857 572 670
65 66 517 742 73 234 780 881 466 946 152 314 604
256 898 131 392 653 525 783 144 785 405 661 278 924 541 675 936 553 683 556 812 685 557 686 814 687 943 175 816 561 565 949 310 696 575 964 965 198 327 846 718 591 978 723 981 470 983 350 864 230 232 874 362 754 756 502 889 633
36 199 855 183 361 380 364 173 893
771 963 709 712 586 909 654 720 274 599 728 666 282 796 732 412 669 33 866 227 486 422 875 748 750 944 369 630 887 249 700 445
193 119 25 505 170 75
736 672 450 261 454 806 71 1000 201 522 529 690 118 246 663 90 507
992 49 81 291 392 377 41 781 94 159
880 464 481 401 867 421 869 822 588 860 77 782
532 101 506 538 347 190 798 47 719
304 305 418 99 552 521 382 302
448 902 998 807 968 872 497 146 244 596 534 823 797
832 753 419 148 267 571 61 158
80 384 209 609 721 162 773 837 734 911 959
769 641 515 134 904 268 15 656 145 913 406 790 791 667 157 928 550 50 563 564 693 952 697 186 826 453 966 839 76 972 461 462 335 848 849 977 724 219 731 991 482 610 997 870 615 871 489 876 494 752 125 766 895
960 177 994 835 982 999 616 763 508 348 847 511
84 357 407 346 444 31 927
240 449 242 626 471 88 185 491 620 317 623
480 512 161 133 265 778 206 338 52 758 247 891 605 477 415
416 577 179 611 292 917 662 121 825 859
290 658 741 598 359 281 425 698 971 303
706 263 455 967 903 937 877 141 400 150 503 890 954 443 636 668 92
163 787 340 516 68 264 473 764 973 351
579 3 485 775 680 808 555 467 659 627 886 279 343
578 645 519 714 843 786 82 339 307 441 924 156 478 287
530 149 294 631 760 153 634 315 651 79
624 308 484 549 332 191 431
4 165 614 678 841 74 652 270 239 434 276 660 181 629 85 761 793 27 699 29 509 414
321 770 838 776 777 523 717 975 912 851 853 664 89 540 95 547 939 299 878 818 499 115 694 381 510 127
834 707 969 397 845 815 655 819 86 442 573 574 830
737 722 883 899 995 151 935 682 44 621 334 527
224 402 371 69 391 730 986 383
64 353 258 420 70 102 457 811 78 208 53 539 59 989 447 639
289 436 342 390 423 535 536 840 427
228 197 619 908 300 396 269 493 238 498 403 947 692 372 23 344 856 408 601 154 285 446 799
147 22 137 126 590
245 551 489 316 716 189
432 226 182 504 795 171 252 637 862 958
