706 263 455 967 903 200 400 280 409 473 668 286 937 873 938 877 813 177 178 565 890 570 954 443 379 636
672 736 529 690 261 118 454 806 1000 201 90 522
224 768 673 97 355 900 804 135 647 391 744 169 74 107 370 882 402 371 730 986 543 383
260 390 840 394 651 844 335 597 342 918 535 472 536 539 926 800 289 995 612 358 423 40 488 427 492 365 430 436 437 438 375 702
770 738 994 547 776 299 523 878 912 853 664 282 540 510 127
1 257 737 899 935 103 553 682 11 44 749 621 974 527 273 722 151 414
176 229 168 906 109 349
320 2 354 389 231 105 905 618 429 142 594 468 54 950 439 921 638 863
256 864 898 525 685 718 687 943 405 502 696 924 541 575
321 386 37 838 777 939 108 717 975 818 499 115 883 821 694 89 381 95 831
129 295 72 334 592 211 116 277 87 410 892 701
803 646 726 759 907 63
64 196 614 678 811 333 270 208 83 276 660 629 53 761 793 91 155 989 447 639
384 128 4 132 773 5 837 714 846 911 80 721 209 156 734 990 287 609 162 165 743 424 237 366 307 181 757 57 123 959
928 769 870 550 966 871 656 849 84 406 697 665 219 991
580 711 679 8 272 528 723 628 374 729 985 827 411 318 479
385 514 3 456 393 330 650 10 587 205 464 401 26 284 607 34 674 35 933 106 490 562 501 822 188 829
545 451 836 324 293 613 520 360 745 458 495 817 852 55 600 824 569 606
215 250 395 172 860 221 254 207
866 546 227 131 709 422 712 683 812 557 783 720 369 661 949 599 666 732 669 62
481 483 867 869 69 421 460 588 77 526 782 368 784 689 595 341 183 120 313
964 965 198 653 591 144 785 978 851 278 470 795 350 862 608 226 675 39 936 874 362 171 814 686 175 432 816 880 561 754 756 182 504 633 252 637 958 511
841 202 75 652 239 434 85 119 25 505 699 509 29
643 644 772 6 649 137 910 657 914 19 147 403 916 22 407 408 27 28 925 30 927 930 802 931 38 809 301 174 563 180 58 444 445 193 833 452 708 584 590 976 980 981 858 346 475 220 222 223 993 357 741 233 622 751 373 762 126 255
228 197 326 681 908 269 493 947 692 23 344 856 285 799
521 719 847 532 982 538 347 348 798 353 99 101 999 552 616 302 47 304 305 691 376 506 763 508 382 190
448 960 902 998 807 968 872 497 146 244 596 534 823 797
904 457 715 972 461 848 913 977 790 216 610 997 489 876 684 238 111 752 50 306 51 309 693 503 122
65 66 677 805 742 73 426 234 780 881 337 466 946 152 314 987 956 604 957 671
453 517 134 582 839 203 716 140 724 791 855 667 731 36 166 487 551 361 810 747 364 173 496 435 245 826 316 380 189 893 766 767 895
834 707 262 969 845 397 655 815 367 819 86 442 573 830 574
896 130 578 195 518 710 519 392 328 843 781 399 336 18 339 537 94 478 31 992 291 932 41 45 625 49 820 632 377 441 187
513 865 323 996 100 648 585 138 593 241 114 21 789 602 603 635 253
388 774 136 266 398 271 17 658 275 788 281 922 413 159 290 425 554 941 303 560 564 567 951 56 698 571 828 319 703 962 329 713 459 204 589 463 850 469 598 854 727 984 93 735 359 746 619 755 243 500 888 125
322 387 531 20 148 794 428
417 642 164 868 645 970 940 945 755 948 474 124
512 832 579 68 516 775 7 264 265 141 973 206 787 467 659 340 725 150 279 343 92 477 605 351 415 163 485 680 808 555 627 886 247 764
771 963 586 524 909 654 274 915 728 24 217 796 412 160 33 801 418 548 676 486 104 875 748 750 944 630 887 695 249 378 955 700
530 149 294 631 760 153 634 315 79
480 161 133 778 46 110 558 338 404 884 52 758 825 154 218 251 891 542
32 576 96 705 325 426 139 235 236 48 82 662 987 956 957
449 961 259 199 842 396 16 81 786 471 88 601 923 283 861 356 296 298 42 491 620 300 623 240 242 626 498 372 440 185 953 317 446
544 98 979 533 331 13 14
640 740 230 327 232 363 556 465 310 983 311 889 988 765 894
641 258 450 70 71 332 78 214 663 792 225 484 420 549 102 431 624 308 246 59 507 60 191
416 577 611 179 292 917 121 859
897 901 779 267 12 143 919 920 670 158 288 929 419 170 43 559 688 433 566 184 568 572 61 192 704 194 67 581 583 971 210 212 857 733 352 739 615 617 879 112 113 753 885 248
117 213 934 167 9 297 345 476
482 515 835 76 268 494 462 942 15 145 952 312 186 157
