706 263 455 967 903 200 840 400 532 409 473 668 286 937 873 877 813 178 436 565 890 570 954 443 636
736 261 454 806 1000 201 529 690 885 118 90 349
224 768 673 97 355 900 804 135 647 744 169 74 370 882 402 371 730 986 540 734 926 543
259 260 390 394 651 844 335 148 597 342 918 535 472 536 539 800 995 612 358 40 488 427 492 365 430 437 438 375 702
770 738 994 547 776 299 523 912 853 664 510 127
1 257 737 899 935 103 553 682 11 44 749 621 974 527 273 722 691 151 414 383
176 229 489 906 109
320 2 231 391 105 905 618 747 429 142 111 209 594 18 468 54 950 439 921 638
256 864 898 525 685 718 687 943 405 502 924 541 798 575
321 386 37 325 838 777 939 108 975 818 499 115 883 821 694 89 381 95 831
129 295 72 334 592 211 116 277 310 87 410 892
803 646 726 759 938 907 63
64 614 678 7 811 270 208 83 276 660 629 53 761 793 91 155 699 989 447 639
384 128 576 4 132 773 5 837 775 846 80 721 337 82 283 156 990 287 96 609 162 165 743 424 237 366 946 307 181 757 57 123 959
928 672 769 870 550 966 871 171 849 84 697 665 219 991
580 711 679 272 528 628 729 985 827 318 479
385 514 3 456 393 650 587 205 464 401 25 26 284 220 607 34 674 35 933 168 106 490 562 564 501 822 188 829
545 451 836 324 293 613 389 520 360 745 458 330 495 817 852 600 824 569 606
801 215 395 172 860 221 254 207
866 546 227 131 709 422 712 683 812 783 720 304 369 723 661 949 599 666 282 732 669 62 703
481 483 867 869 69 421 43 460 588 77 333 526 368 784 689 595 341 183 120 313 895
964 965 198 653 591 144 978 851 278 470 795 350 862 608 226 675 39 874 362 814 686 175 432 816 880 754 756 182 504 507 252 637 958
841 202 10 75 652 239 434 85 119 509
643 772 6 649 137 138 910 657 914 19 147 403 275 916 22 406 407 408 27 925 30 927 32 930 931 38 934 936 809 174 563 180 58 444 445 193 452 708 584 590 976 979 980 981 858 346 475 222 223 993 354 357 622 751 624 373 762 126 255
228 197 326 681 908 269 493 947 692 23 344 285 799
963 582 521 719 847 982 538 347 348 988 353 99 676 101 999 552 616 302 47 48 305 177 52 376 506 508 382 190 511
960 902 998 807 968 872 497 146 244 596 534 823 797
904 457 715 972 461 848 913 977 790 216 610 997 107 876 684 238 752 50 306 51 309 693 503 122
65 66 677 805 742 73 426 234 203 780 782 466 152 185 314 987 956 604 957 671
453 517 134 839 8 716 724 791 855 667 731 863 802 739 36 166 487 361 810 173 496 242 435 820 245 633 826 316 380 189 893 767
834 969 845 397 717 655 815 367 431 819 86 442 830 574
896 130 578 195 645 518 710 774 519 392 328 714 843 76 140 781 399 339 537 94 478 31 992 932 41 233 45 625 49 632 377 441 187
513 865 323 996 585 878 593 241 114 21 789 602 603 253
388 262 136 266 398 271 17 658 788 281 922 413 159 290 425 554 941 301 303 560 944 567 951 55 56 698 571 828 701 319 962 71 329 713 970 459 204 589 463 850 469 598 854 727 984 93 735 100 741 359 746 619 110 881 755 243 500 374 888 763 125
785 322 387 531 20 794 428
417 642 164 868 940 945 755 948 696 856 474 124
512 832 579 68 516 264 265 522 141 973 206 787 467 659 340 150 279 343 92 477 605 351 415 289 163 485 680 808 555 627 886 247 248 635 891 764
586 524 909 654 274 915 728 24 217 796 412 160 33 418 548 484 486 104 875 748 557 750 630 887 695 249 378 955 700
833 530 149 294 760 153 634 315 79
480 161 133 778 46 558 338 404 884 725 758 825 154 218 251 573 542
426 139 235 236 662 505 987 956 957
448 449 961 196 199 842 396 16 81 786 471 88 601 923 861 356 296 298 42 491 620 300 623 240 626 498 372 631 440 953 317 446
544 98 533 331 13 14
640 707 740 230 327 232 363 556 465 561 983 311 889 765 894
352 641 225 705 258 450 420 549 70 102 332 78 308 214 246 663 792 59 60 191
416 577 611 179 292 917 280 121 859
192 704 897 194 67 644 901 581 583 779 267 971 12 143 911 336 210 212 919 920 857 411 28 733 29 670 158 288 929 419 423 551 617 170 559 879 688 112 433 113 753 566 184 568 572 61
515 117 213 167 648 9 297 345 476 364
482 835 291 771 615 268 494 462 942 15 656 145 952 312 186 250 379 157 766
