193 706 263 455 967 903 200 840 400 409 473 286 873 877 813 430 178 436 565 890 954 443 636
736 261 454 806 552 201 522 529 690 118 90 827 349
224 768 97 355 900 135 647 744 169 74 370 882 530 371 885 730 734 926 543
260 452 390 521 394 651 844 335 148 597 342 535 791 472 536 539 800 995 612 358 40 488 681 427 437 438 375 121 702
912 770 738 853 776 664 299 540 510 127
1 257 899 11 527 399 273 722 151 414 737 417 678 935 103 553 682 44 749 621 814 691 630 383
176 673 229 489 906 109 669
320 2 231 105 905 330 747 492 429 142 111 594 468 54 950 439 921 638
256 864 898 525 685 687 943 405 502 924 541 798 575
321 37 325 838 777 939 108 975 818 115 883 821 694 89 381 95 831
592 129 386 211 116 277 310 72 410 892 508 334
803 759 938 907 251 63
64 128 614 811 270 208 434 83 276 660 629 53 533 761 793 91 155 699 989 447 639
384 4 132 773 5 837 775 846 80 721 82 156 990 287 479 96 609 165 743 424 1000 618 237 366 946 307 181 757 57 123 959 895
928 672 769 870 550 966 871 171 204 849 84 697 665 219 991
580 711 679 272 628 729 985 411 29 318
385 3 456 328 393 650 587 205 464 401 914 918 25 26 284 220 34 674 35 933 168 106 490 562 564 501 822 886 188 829
545 451 836 324 293 613 389 71 520 360 745 458 495 817 852 600 824 569 606
801 353 215 395 172 221 254 207
866 546 227 131 422 712 683 973 783 720 304 369 723 661 949 150 599 666 282 732 62
481 483 867 869 69 421 43 460 588 77 333 526 718 368 784 689 595 341 183 120 313
964 965 392 653 591 144 978 851 981 278 470 795 477 350 862 608 226 482 675 39 874 362 686 175 816 880 561 754 182 504 507 637 958
514 36 85 119 841 185 202 75 652 509 239
643 772 6 649 137 523 524 910 657 19 147 403 788 22 406 407 408 27 668 925 30 927 32 930 931 38 934 936 809 45 174 432 563 180 58 444 708 584 590 976 979 858 346 475 222 223 993 357 622 751 624 373 762 126 255
228 197 326 908 493 947 692 23 344 285 766 799
963 582 198 719 847 532 982 538 347 348 988 994 99 676 101 999 616 110 47 305 177 52 376 506 382 190 511
960 902 998 807 968 872 497 146 244 596 534 823 797
610 997 904 457 329 715 107 972 876 684 461 848 752 913 977 50 51 309 790 503 216 122
576 65 66 677 805 742 73 426 203 235 780 236 782 48 337 466 152 314 987 956 604 957 671
453 517 709 134 839 8 716 724 855 87 601 667 731 860 802 166 487 361 810 364 173 496 242 435 820 245 633 826 316 380 189 893 767
834 262 391 969 845 397 717 655 815 367 431 819 86 442 830 574
896 130 578 195 645 518 710 519 714 138 843 140 781 18 339 726 537 94 31 992 932 41 234 238 302 49 306 887 632 441 187
513 865 323 996 585 878 593 241 114 21 789 602 603 253
388 136 266 269 398 271 528 17 658 275 281 922 413 159 290 425 554 812 941 303 560 944 693 567 951 55 56 698 571 828 701 319 703 962 713 459 589 974 463 850 469 598 854 727 984 986 93 735 863 100 741 359 233 746 619 881 243 500 756 374 888 377 763 125
785 322 354 387 531 20 794 428
929 642 164 868 970 940 336 945 755 948 696 856 474 124
512 832 579 516 646 7 264 265 141 206 787 467 659 340 725 279 343 218 92 605 351 415 289 163 485 680 808 555 365 627 499 247 248 635 891 764
586 909 654 274 915 916 663 728 24 217 796 412 28 607 160 33 418 547 548 484 486 104 875 748 557 750 695 249 378 955 700 445
833 68 149 294 760 153 634 315 79
480 161 133 295 778 46 558 338 404 758 825 154 573 542
505 426 139 987 956 957
448 449 961 259 196 199 842 396 16 81 209 786 980 471 88 923 283 861 288 162 356 296 298 42 491 620 300 623 240 625 626 498 372 884 631 440 953 317 446
544 98 774 331 13 14
640 707 740 230 327 232 937 363 556 465 983 311 889 765 894
352 641 225 705 258 450 739 420 549 70 102 779 332 78 402 308 214 246 792 570 59 60 191
416 577 611 179 292 804 917 280 859
192 704 897 194 67 644 901 581 583 10 267 971 12 143 911 210 212 662 919 920 857 733 670 158 419 423 551 617 170 301 559 879 688 112 113 753 566 184 568 572 252 61
433 515 117 213 167 648 9 297 345 476
835 291 771 615 268 76 494 462 942 15 656 145 952 312 186 250 379 157 478
