193 706 263 455 967 903 200 840 873 43 877 813 430 400 436 565 409 473 890 954 636 668 286
736 261 454 806 552 201 522 529 690 340 90 827 349
224 768 97 355 900 38 647 744 169 74 370 882 530 371 885 790 730 734 926 543
3 259 260 390 521 394 651 844 335 148 597 342 535 472 539 800 226 995 612 358 40 488 427 365 437 375 121 702
912 770 547 819 853 391 776 664 299 540 510 127
1 257 737 417 834 935 103 839 553 682 11 44 621 334 527 399 722 151 414 383
176 229 489 109 669
320 2 231 105 905 330 747 492 429 142 111 594 468 54 950 638
256 864 898 525 685 943 405 502 924 541 798 575
321 37 325 838 777 939 108 975 818 115 883 821 694 89 412 381 95
129 386 72 592 211 116 277 310 410 892 508 189
625 803 759 938 907 251 63
64 128 384 36 614 582 906 208 83 276 660 53 533 761 793 699 989 447
576 4 132 773 5 837 775 714 717 846 80 721 82 536 91 155 283 156 990 287 479 96 609 165 424 1000 618 237 366 946 434 307 181 757 695 57 123 959
928 672 769 870 550 966 871 778 171 204 849 497 23 697 665 219 991
272 528 580 628 711 679 729 985 29 318
385 456 393 650 587 332 205 207 464 401 914 918 25 26 284 220 34 674 35 933 422 168 106 490 562 691 564 501 886 188
545 451 836 324 293 613 389 71 520 360 745 495 817 852 55 600 824 569 606 767
801 353 215 395 172 221 254
866 546 227 131 712 683 783 687 911 720 304 369 723 661 150 599 666 282 732 62
481 483 867 869 69 421 460 588 77 333 526 718 368 689 595 341 183 120 313
964 965 392 653 591 144 978 851 981 278 470 795 477 350 862 608 482 39 874 362 811 686 175 816 880 561 754 504 507 637 958
514 662 119 841 185 202 634 75 652 509 239
643 899 772 6 649 137 523 524 910 657 19 147 403 788 916 406 407 408 27 925 30 927 32 930 931 934 936 809 45 174 432 563 180 308 184 58 444 445 708 584 590 976 979 84 601 858 346 475 222 223 993 357 741 622 751 624 373 762 126 255
947 228 692 197 326 344 908 493 285 766 238 799
963 198 719 847 532 982 538 347 348 225 994 99 292 101 999 616 110 305 177 439 567 376 506 382 190 511
960 902 998 807 968 872 425 146 178 244 596 534 823 797
904 457 329 458 715 972 461 848 913 977 531 216 610 997 876 684 752 50 306 51 309 503 122 187
65 66 73 203 139 780 782 337 466 152 987 604 671 677 805 742 678 426 235 236 428 48 881 249 505 314 957
453 517 709 134 8 716 339 724 855 87 667 731 860 802 166 487 361 810 364 173 814 496 242 435 245 633 826 316 380 893 639 895
262 969 9 845 397 655 815 367 431 86 696 442 830 574
130 578 195 645 518 710 519 7 135 328 843 140 781 726 537 602 94 31 992 932 549 41 234 302 49 887 632 888 441 317
513 865 323 675 996 585 878 593 241 114 21 789 603 253 573
388 136 266 138 269 398 271 17 658 275 281 922 154 413 542 159 290 554 812 941 303 560 820 693 949 951 56 698 571 828 701 319 703 962 713 459 589 974 463 850 725 598 854 727 984 986 93 735 863 738 100 359 233 746 619 243 755 500 756 374 377 763 125
785 322 354 387 20 921 794
929 642 164 868 970 940 336 945 18 948 856 474 124
512 832 579 516 646 264 265 141 973 206 787 467 659 279 343 218 92 605 351 415 289 163 485 680 808 555 627 499 438 247 248 635 891 764
586 10 909 654 274 469 663 728 24 217 796 28 607 160 33 418 548 484 486 104 875 748 557 750 944 630 378 443 700
833 68 149 294 631 760 153 315 270 79
480 161 133 295 749 46 558 623 338 404 758 791
426 987 956 957
448 449 961 196 199 842 396 16 81 209 786 980 471 88 923 861 288 162 356 743 296 681 298 42 491 107 620 300 240 626 498 372 884 118 440 953 446
544 98 774 822 331 956 13 14
640 896 707 740 230 327 232 937 363 556 47 465 915 629 983 311 889 988 765 894
352 641 705 258 450 739 420 70 102 779 78 273 402 214 246 22 792 570 59 60 829 191
416 577 611 179 804 917 280 825 859
192 704 897 194 67 644 452 901 581 583 267 971 12 143 784 210 212 85 919 920 857 411 733 670 158 419 676 423 551 615 617 170 301 559 879 688 112 113 753 52 566 182 568 955 572 252 61 831
433 515 117 213 167 648 297 345 476
673 835 291 771 268 76 494 462 942 15 656 145 952 312 186 250 379 157 478
