193 706 263 967 903 200 873 43 877 813 430 400 436 409 473 890 636 668 989 286
736 261 933 454 806 552 201 522 529 690 340 90 827
768 97 355 900 38 647 744 169 809 74 942 303 370 882 530 371 885 22 152 889 734 926 543
3 260 390 840 521 394 844 335 148 597 342 535 472 539 800 226 995 612 805 358 40 427 437 375 121 761 702
65 257 770 391 776 299 912 853 664 540 510 127
1 737 417 834 935 103 839 553 682 11 44 621 334 527 399 722 151 538 414 383
229 584 489 109 669
320 2 231 105 905 330 747 492 429 142 111 594 468 54 893 638
256 864 545 907 525 685 943 405 502 541 798 575
321 37 325 838 167 777 939 108 975 818 178 115 883 821 694 183 89 412 381 95
129 132 72 687 211 116 277 310 410 892 508 189
625 803 438 439 938 251 63
64 128 614 582 457 906 332 208 402 83 276 660 793 699 447 639
576 4 5 837 775 717 846 80 16 721 657 82 536 537 91 155 283 156 990 30 287 479 96 609 162 36 165 424 1000 237 366 946 434 307 181 757 824 123 959
928 672 769 870 550 966 871 778 171 363 204 849 497 84 23 697 665 219 991 223
272 786 580 950 711 679 729 985 153 29 318
385 453 456 393 650 587 651 205 207 464 401 914 918 25 26 220 34 674 35 422 168 106 490 562 691 564 501 886 760 188
451 324 293 613 389 71 520 360 745 495 368 817 852 569 606 767
801 353 215 328 395 172 221 254
866 546 227 131 712 683 783 720 304 369 723 661 150 599 666 282 732 62
481 483 867 869 69 421 331 460 588 77 333 526 718 689 595 341 120 313
964 965 773 392 653 591 144 978 851 981 278 470 795 477 350 862 608 482 39 874 362 811 686 175 816 880 561 754 565 504 633 507 637 958
514 583 841 9 202 75 652 239 662 119 185 634 509
642 899 772 6 649 137 523 267 524 910 19 147 403 788 916 406 407 408 27 411 925 927 32 930 931 934 936 45 174 432 819 180 308 184 58 444 445 708 590 463 976 979 980 858 346 475 222 993 357 741 743 622 751 624 373 762 126 255
228 197 326 618 908 493 238 947 692 344 285 766 799
835 198 719 847 532 982 347 603 348 225 994 99 292 101 999 616 110 305 177 498 372 567 376 506 382 190 511
960 196 998 807 968 425 146 563 244 596 534 570 828 797
610 997 904 329 458 715 107 972 876 684 461 848 752 977 50 306 531 309 503 216 122 187
66 386 73 203 139 780 337 466 917 604 671 677 742 678 166 426 235 236 428 365 48 951 249 314 957
836 517 709 134 8 716 339 724 87 601 667 731 987 860 802 487 361 810 364 173 814 496 242 435 245 952 826 316 380 895
707 262 969 845 397 655 815 367 431 913 86 696 442 830 574
130 195 645 518 710 519 7 135 714 843 140 781 726 602 284 924 31 992 932 549 41 234 302 49 887 632 888 441 317
513 865 323 675 996 585 878 593 241 114 21 789 253 573
388 902 136 266 138 269 398 271 528 17 658 275 281 922 154 413 542 159 290 554 812 941 560 944 51 820 693 949 55 56 57 698 954 571 701 319 703 962 455 713 459 589 974 850 598 854 727 984 986 93 735 863 224 738 100 359 488 233 746 619 881 243 755 500 756 374 377 763 125
785 322 354 20 921 794
929 449 164 868 970 940 336 945 18 948 823 856 474 124
832 579 643 516 68 646 264 265 141 206 787 467 659 725 279 343 218 92 605 351 415 289 163 485 680 808 872 555 627 499 247 248 635 891 443 764
387 963 586 909 654 274 469 663 728 24 217 796 28 607 160 33 418 547 548 484 486 875 748 557 750 630 695 378 700
833 898 149 294 790 631 315 270 79
480 512 161 133 295 749 46 558 623 338 404 52 758 791
426 987 957
448 961 259 199 842 396 81 209 471 88 600 923 861 349 288 296 681 298 42 491 620 300 240 626 884 628 118 440 953 446
544 98 774 822 956 13 14
640 896 740 230 327 232 104 937 556 782 47 465 915 629 983 311 505 988 765 894
352 384 641 705 258 450 739 420 102 779 78 176 592 273 214 246 759 792 59 60 829 191
416 577 611 179 804 855 280 825 859
897 644 901 10 12 143 911 784 919 920 670 158 419 676 423 551 170 301 559 688 566 182 568 955 572 61 831 192 704 194 578 67 452 581 971 973 210 212 85 857 730 733 94 356 615 617 879 112 113 753 252
433 515 291 117 213 53 533 648 297 345 476
673 771 70 268 76 494 462 15 656 145 312 186 250 379 157 478
