193 706 263 967 903 200 873 43 877 813 430 400 657 436 409 636 668 989 286
736 933 454 806 552 201 522 529 340 90 827
768 97 355 900 38 647 744 169 809 74 942 303 370 882 530 371 885 22 889 734 926 543
3 260 452 390 840 521 394 458 844 335 148 597 342 535 472 857 539 800 226 995 612 805 358 40 427 437 375 121 761 573 702 190
65 257 770 738 994 299 912 80 851 853 664 510 127
1 737 417 834 935 103 839 553 682 11 44 621 749 334 527 399 722 630 151 538 414 383
229 584 489 109 669
320 2 231 1000 105 905 330 747 492 429 111 848 594 468 20 54 893 638
256 864 898 405 502 525 685 541 798 943 575
321 37 325 838 167 777 939 108 975 818 178 115 883 821 694 183 89 412 381 95
129 658 132 116 277 310 72 410 892 508 189 687
625 803 438 938 63
64 128 614 582 906 619 142 208 402 83 276 660 793 699 447 639 991
576 4 5 261 773 716 717 141 16 721 337 82 786 536 537 91 155 283 156 990 30 287 479 96 609 36 165 424 618 237 946 434 307 181 757 824 123 959
928 672 769 870 550 966 871 776 778 171 363 204 849 497 84 23 697 665 219
272 723 580 950 711 679 729 985 153 29 318
896 385 456 393 650 587 205 464 401 914 18 26 282 220 34 674 35 422 168 106 490 554 366 367 562 691 501 886 760 188
451 835 324 293 613 389 71 520 745 495 368 817 852 569 606 767
801 353 215 328 395 172 221 254
866 546 227 131 712 683 783 720 304 369 661 150 599 666 732 62
481 483 867 292 869 69 421 331 460 588 77 333 526 718 784 689 595 341 120 313
964 965 392 332 653 591 144 978 981 278 795 350 862 608 482 39 874 362 811 686 175 816 880 561 754 690 565 504 633 507 252 637 958
514 583 360 841 9 202 75 239 662 119 185 634 509
642 899 772 6 649 137 523 267 13 910 19 147 403 788 916 407 408 27 925 927 32 930 931 934 936 45 174 432 819 180 184 58 444 445 708 326 457 590 976 979 980 858 346 475 222 993 357 741 743 104 622 751 624 762 126 255
228 197 908 493 947 692 918 344 285 766 799
198 719 847 532 982 347 603 348 225 545 99 101 999 616 110 305 177 498 372 567 439 376 506 186 511
960 998 807 968 872 425 563 244 596 534 570 828 540 797 382
610 997 904 329 715 972 876 684 556 461 752 977 913 50 306 531 309 503 216 441 122 187
66 386 450 73 203 139 780 652 466 917 152 671 677 742 166 426 235 236 428 365 48 951 249 314 957
836 517 709 134 8 339 724 87 601 25 667 731 987 860 802 739 487 361 810 173 814 496 242 435 245 826 316 380 895
707 678 391 969 845 397 655 815 431 86 696 442 830 574
130 195 645 518 710 519 7 135 714 843 140 781 726 284 924 31 992 932 549 41 233 234 302 238 887 632 888 952 60 317
865 323 675 996 585 878 593 241 114 21 789 602 253
513 388 902 262 775 136 266 138 907 269 398 271 528 17 146 275 281 922 154 413 542 159 290 812 941 560 944 51 820 693 949 55 56 57 698 954 571 701 319 703 962 455 713 970 459 589 974 463 850 211 85 598 854 727 984 986 93 735 863 224 100 488 746 881 243 500 756 373 374 377 763 125
785 322 354 406 921 794 14 846 623
929 449 164 868 940 945 755 948 470 823 856 474 251 124
832 579 643 516 68 264 265 76 787 467 659 725 279 343 473 218 92 605 477 351 415 289 163 485 680 808 555 627 499 308 247 248 635 891 443 764
387 963 771 586 524 909 654 274 915 469 663 728 24 217 796 28 607 160 416 33 418 547 548 484 486 875 748 557 750 695 378 700
833 149 294 790 631 315 651 270 79
480 512 161 133 295 359 46 558 338 404 758 791
426 987 957
448 961 259 196 199 842 396 81 209 212 471 88 600 923 604 861 349 288 162 296 681 298 42 491 107 620 300 240 49 626 884 628 564 118 246 440 953 446
544 98 774 822 956
640 740 230 327 232 937 782 47 465 629 983 311 505 988 765 894
352 384 641 705 258 420 102 779 78 206 176 592 273 214 759 792 890 59 829 191
611 179 804 855 280 825 859
897 644 901 10 12 143 911 919 920 411 670 158 419 676 423 551 170 301 559 688 52 566 182 568 955 572 61 831 192 704 194 578 67 581 453 837 971 973 207 336 210 730 733 94 223 356 615 617 879 112 113 753
433 515 291 117 213 53 533 648 297 345 476 364
673 577 70 646 268 494 462 15 656 145 312 250 379 157 478
