36	361	364	380	855	893	43	83	155	738	942	54	142	468	813	863	950	69	383	402	730	201	333	90	529	672	806	1000	91	695	111	118	261	690	736	618	224	173	183	199	638	231	454	
749	527	922	21	593	603	789	865	996	44	678	935	986	72	129	592	701	899	87	116	211	241	295	114	635	878	277	151	682	722	995	253	410	437	513	260	438	488	597	702	918	648	323	585	883	621	737	630	
17	56	136	984	28	342	423	644	897	919	31	346	357	407	927	651	42	184	352	581	739	79	149	153	530	634	760	84	315	631	294	390	175	567	727	801	289	427	436	535	536	444	566	
12	433	568	615	617	929	755	932	559	940	76	268	482	563	186	124	945	948	164	868	194	494	515	210	474	417	802	
891	753	27	247	265	725	832	981	47	506	719	798	936	52	480	778	653	477	785	61	267	419	571	978	521	415	99	302	304	552	101	133	161	758	144	148	158	305	846	964	965	190	347	382	198	278	565	686	814	874	206	512	605	898	633	522	754	756	392	418	591	338	816	538	350	675	362	391	553	470	561	
150	890	937	532	92	954	141	669	369	732	866	599	207	903	422	395	400	172	215	254	666	712	455	221	250	967	227	709	263	668	503	877	282	720	443	706	636	
627	808	886	10	674	691	20	322	387	428	531	546	35	393	456	562	587	774	68	516	764	787	93	138	271	329	100	301	163	351	467	973	659	340	829	938	264	473	279	485	555	680	280	286	379	409	343	579	794	602	
55	458	600	606	520	817	836	852	745	923	884	196	212	861	953	980	842	613	283	767	490	360	961	293	451	495	296	786	298	440	324	824	545	
985	8	411	729	827	833	23	692	799	908	51	216	309	684	715	457	810	122	238	569	582	166	435	487	496	285	947	679	197	493	856	203	628	228	681	269	272	580	711	318	344	374	747	
1	7	11	257	273	974	649	13	331	533	544	979	14	38	858	976	41	81	159	781	887	931	58	643	657	930	103	106	772	762	220	622	751	925	916	413	584	
982	818	999	776	851	975	89	115	777	939	95	694	717	838	994	835	127	299	510	853	226	171	637	795	862	177	616	847	182	880	958	547	321	504	252	432	770	912	511	499	381	348	508	763	962	540	523	664	
6	19	30	180	222	993	943	452	317	88	449	471	519	645	864	620	334	306	949	185	240	242	623	502	578	441	626	491	718	405	256	525	685	843	575	339	478	687	924	696	541	
406	779	656	831	583	60	214	225	991	879	67	688	885	901	920	871	928	966	113	572	670	143	857	896	219	849	192	704	769	870	335	697	784	550	
18	45	130	195	187	336	460	120	341	483	526	595	689	313	368	328	
4	74	165	181	841	326	742	29	434	509	652	40	472	800	844	926	780	65	466	881	66	604	788	946	73	234	314	85	414	746	469	266	152	375	589	239	598	204	243	312	554	476	612	699	262	971	319	398	459	281	698	741	290	425	303	517	358	365	430	359	658	394	
46	251	404	542	558	825	110	121	577	611	662	859	917	492	179	292	416	
5	128	479	775	990	992	366	744	551	424	49	94	291	169	57	484	804	370	768	624	377	97	135	673	900	107	882	716	132	332	647	355	543	189	245	316	191	308	431	549	237	
3	401	464	822	9	117	167	297	345	934	989	353	960	53	208	539	639	998	59	70	78	102	258	420	64	447	614	867	869	77	481	588	782	860	761	793	146	902	811	797	244	840	872	968	596	213	448	807	445	270	276	629	660	497	823	421	534	895	
537	16	608	625	632	710	854	735	803	528	39	112	248	288	733	62	646	726	765	809	63	71	246	450	507	663	792	888	703	388	178	202	570	907	828	951	275	560	759	500	713	463	970	820	399	518	850	
2	320	325	354	389	594	905	959	386	22	126	174	218	223	590	906	32	677	805	956	957	987	37	108	821	48	837	812	371	661	80	609	721	734	911	82	287	576	941	757	921	96	123	162	105	429	109	229	349	307	557	137	642	131	683	783	147	139	140	168	176	156	714	743	209	705	236	671	235	723	337	384	426	773	
915	25	75	119	170	193	505	33	654	700	728	796	909	944	640	875	486	740	586	988	748	894	230	232	310	327	556	889	983	274	249	963	412	771	311	363	750	465	
284	819	969	24	376	378	676	892	955	26	98	330	385	514	845	830	86	655	104	160	217	707	815	524	233	200	548	574	367	573	397	442	834	
913	15	145	157	462	952	34	188	373	665	50	610	766	790	904	972	997	977	848	914	641	125	708	134	731	826	791	876	205	154	396	439	498	607	446	839	564	650	873	403	601	752	489	255	475	933	259	372	910	300	724	356	501	619	408	453	667	461	693	
